# eta, dσ/deta [pb]
-1.000000000000000000e+01 0.000000000000000000e+00
-9.599999999999999645e+00 0.000000000000000000e+00
-9.199999999999999289e+00 0.000000000000000000e+00
-8.800000000000000711e+00 0.000000000000000000e+00
-8.400000000000000355e+00 0.000000000000000000e+00
-8.000000000000000000e+00 0.000000000000000000e+00
-7.599999999999999645e+00 0.000000000000000000e+00
-7.199999999999999289e+00 0.000000000000000000e+00
-6.799999999999999822e+00 0.000000000000000000e+00
-6.400000000000000355e+00 0.000000000000000000e+00
-6.000000000000000000e+00 0.000000000000000000e+00
-5.599999999999999645e+00 0.000000000000000000e+00
-5.199999999999999289e+00 0.000000000000000000e+00
-4.799999999999999822e+00 0.000000000000000000e+00
-4.399999999999999467e+00 0.000000000000000000e+00
-4.000000000000000000e+00 0.000000000000000000e+00
-3.599999999999999645e+00 0.000000000000000000e+00
-3.199999999999999289e+00 0.000000000000000000e+00
-2.799999999999999822e+00 0.000000000000000000e+00
-2.399999999999999467e+00 2.065644124999999836e-07
-2.000000000000000000e+00 5.142135374999999541e-06
-1.599999999999999645e+00 2.302973449999999844e-05
-1.199999999999999289e+00 6.817504610000000112e-05
-7.999999999999989342e-01 1.586942086499999694e-04
-3.999999999999985789e-01 3.119210528499999813e-04
0.000000000000000000e+00 5.235924408249999001e-04
4.000000000000003553e-01 7.636598430375000262e-04
8.000000000000007105e-01 9.693100981374999994e-04
1.200000000000001066e+00 1.088005525549999965e-03
1.600000000000001421e+00 1.109312424949999987e-03
2.000000000000000000e+00 1.035441475049999997e-03
2.400000000000000355e+00 8.829705686999999182e-04
2.800000000000000711e+00 6.939069964249999041e-04
3.200000000000001066e+00 4.990552256124999126e-04
3.600000000000001421e+00 3.184080543999999718e-04
4.000000000000000000e+00 1.837192674749999876e-04
4.400000000000000355e+00 9.274302622499998490e-05
4.800000000000000711e+00 4.137001733749999847e-05
5.200000000000001066e+00 1.562857555000000021e-05
5.600000000000001421e+00 4.768561437499999469e-06
6.000000000000000000e+00 8.746025125000000182e-07
6.400000000000002132e+00 3.955488749999999474e-08
6.800000000000000711e+00 0.000000000000000000e+00
7.199999999999999289e+00 0.000000000000000000e+00
7.600000000000001421e+00 0.000000000000000000e+00
8.000000000000000000e+00 0.000000000000000000e+00
8.400000000000002132e+00 0.000000000000000000e+00
8.800000000000000711e+00 0.000000000000000000e+00
9.200000000000002842e+00 0.000000000000000000e+00
9.600000000000001421e+00 0.000000000000000000e+00
