# pT [GeV], dσ/dpT [pb/GeV]
0.000000000000000000e+00 0.000000000000000000e+00
1.000000000000000000e+01 5.785079117999999271e-02
2.000000000000000000e+01 8.457467882499999923e-02
3.000000000000000000e+01 1.014778155299999873e-01
4.000000000000000000e+01 1.120448570149999989e-01
5.000000000000000000e+01 1.179080065800000021e-01
6.000000000000000000e+01 1.194241857899999981e-01
7.000000000000000000e+01 1.196001884350000044e-01
8.000000000000000000e+01 1.170624072799999887e-01
9.000000000000000000e+01 1.120930365099999937e-01
1.000000000000000000e+02 1.073606301950000008e-01
1.100000000000000000e+02 1.010677981950000026e-01
1.200000000000000000e+02 9.483297824000000431e-02
1.300000000000000000e+02 8.694923964999999588e-02
1.400000000000000000e+02 7.974394700999999641e-02
1.500000000000000000e+02 7.337835414000000445e-02
1.600000000000000000e+02 6.597641049999999896e-02
1.700000000000000000e+02 5.919981704000000511e-02
1.800000000000000000e+02 5.311445184500000055e-02
1.900000000000000000e+02 4.643323411999999983e-02
2.000000000000000000e+02 4.077755135999999725e-02
2.100000000000000000e+02 3.577376666499999802e-02
2.200000000000000000e+02 3.107085799999999981e-02
2.300000000000000000e+02 2.691660562499999937e-02
2.400000000000000000e+02 2.283118110000000034e-02
2.500000000000000000e+02 1.926589846999999731e-02
2.600000000000000000e+02 1.597592723999999992e-02
2.700000000000000000e+02 1.335260289999999975e-02
2.800000000000000000e+02 1.092789607000000003e-02
2.900000000000000000e+02 9.031197175000000091e-03
3.000000000000000000e+02 7.207259149999999115e-03
3.100000000000000000e+02 5.688130174999999310e-03
3.200000000000000000e+02 4.483642799999999762e-03
3.300000000000000000e+02 3.482689209999999778e-03
3.400000000000000000e+02 2.646922459999999800e-03
3.500000000000000000e+02 2.025505300000000029e-03
3.600000000000000000e+02 1.467999714999999959e-03
3.700000000000000000e+02 1.106161875000000010e-03
3.800000000000000000e+02 7.885705099999999615e-04
3.900000000000000000e+02 5.781539400000000172e-04
4.000000000000000000e+02 3.933019999999999962e-04
4.100000000000000000e+02 2.359811999999999760e-04
4.200000000000000000e+02 1.573207999999999931e-04
4.300000000000000000e+02 9.832549999999999906e-05
4.400000000000000000e+02 5.899529999999999401e-05
4.500000000000000000e+02 4.227996499999999932e-05
4.600000000000000000e+02 1.769858999999999956e-05
4.700000000000000000e+02 1.081580499999999935e-05
4.800000000000000000e+02 1.966509999999999998e-06
4.900000000000000000e+02 9.832549999999999990e-07
