# pT [GeV], dσ/dpT [pb/GeV]
0.000000000000000000e+00 0.000000000000000000e+00
1.000000000000000000e+01 5.007560857750000324e-05
2.000000000000000000e+01 7.269696083899999440e-05
3.000000000000000000e+01 6.897370322850000042e-05
4.000000000000000000e+01 5.266144342299999490e-05
5.000000000000000000e+01 3.653289409499999740e-05
6.000000000000000000e+01 2.431922383249999854e-05
7.000000000000000000e+01 1.591987532149999972e-05
8.000000000000000000e+01 1.027565657450000011e-05
9.000000000000000000e+01 6.693390162999999304e-06
1.000000000000000000e+02 4.395690698000000040e-06
1.100000000000000000e+02 2.895593564499999963e-06
1.200000000000000000e+02 1.946627863500000252e-06
1.300000000000000000e+02 1.295642315000000007e-06
1.400000000000000000e+02 9.022030340000000131e-07
1.500000000000000000e+02 5.978940995000000633e-07
1.600000000000000000e+02 4.115466295000000052e-07
1.700000000000000000e+02 2.833887940000000177e-07
1.800000000000000000e+02 2.028726229999999753e-07
1.900000000000000000e+02 1.453861864999999906e-07
2.000000000000000000e+02 1.091714894999999942e-07
2.100000000000000000e+02 7.155039649999999781e-08
2.200000000000000000e+02 5.115765450000000458e-08
2.300000000000000000e+02 3.779689249999999806e-08
2.400000000000000000e+02 2.707312299999999980e-08
2.500000000000000000e+02 2.197493750000000149e-08
2.600000000000000000e+02 1.722835099999999987e-08
2.700000000000000000e+02 1.019637099999999992e-08
2.800000000000000000e+02 8.789974999999999934e-09
2.900000000000000000e+02 4.746586499999999964e-09
3.000000000000000000e+02 4.219187999999999968e-09
3.100000000000000000e+02 2.461192999999999981e-09
3.200000000000000000e+02 2.812791999999999979e-09
3.300000000000000000e+02 1.757994999999999987e-09
3.400000000000000000e+02 1.406395999999999989e-09
3.500000000000000000e+02 8.789974999999999934e-10
3.600000000000000000e+02 0.000000000000000000e+00
3.700000000000000000e+02 1.757994999999999987e-10
3.800000000000000000e+02 0.000000000000000000e+00
3.900000000000000000e+02 0.000000000000000000e+00
4.000000000000000000e+02 0.000000000000000000e+00
4.100000000000000000e+02 0.000000000000000000e+00
4.200000000000000000e+02 0.000000000000000000e+00
4.300000000000000000e+02 0.000000000000000000e+00
4.400000000000000000e+02 0.000000000000000000e+00
4.500000000000000000e+02 0.000000000000000000e+00
4.600000000000000000e+02 0.000000000000000000e+00
4.700000000000000000e+02 0.000000000000000000e+00
4.800000000000000000e+02 0.000000000000000000e+00
4.900000000000000000e+02 0.000000000000000000e+00
