# eta, dσ/deta [pb]
-1.000000000000000000e+01 0.000000000000000000e+00
-9.599999999999999645e+00 0.000000000000000000e+00
-9.199999999999999289e+00 0.000000000000000000e+00
-8.800000000000000711e+00 0.000000000000000000e+00
-8.400000000000000355e+00 0.000000000000000000e+00
-8.000000000000000000e+00 0.000000000000000000e+00
-7.599999999999999645e+00 0.000000000000000000e+00
-7.199999999999999289e+00 0.000000000000000000e+00
-6.799999999999999822e+00 0.000000000000000000e+00
-6.400000000000000355e+00 0.000000000000000000e+00
-6.000000000000000000e+00 0.000000000000000000e+00
-5.599999999999999645e+00 0.000000000000000000e+00
-5.199999999999999289e+00 0.000000000000000000e+00
-4.799999999999999822e+00 0.000000000000000000e+00
-4.399999999999999467e+00 0.000000000000000000e+00
-4.000000000000000000e+00 0.000000000000000000e+00
-3.599999999999999645e+00 0.000000000000000000e+00
-3.199999999999999289e+00 0.000000000000000000e+00
-2.799999999999999822e+00 0.000000000000000000e+00
-2.399999999999999467e+00 1.229068749999999920e-04
-2.000000000000000000e+00 3.834694499999999773e-03
-1.599999999999999645e+00 2.116456387500000036e-02
-1.199999999999999289e+00 7.123682474999999681e-02
-7.999999999999989342e-01 1.874329843750000002e-01
-3.999999999999985789e-01 4.442100276249999480e-01
0.000000000000000000e+00 9.796415378749998570e-01
4.000000000000003553e-01 2.036099872624999918e+00
8.000000000000007105e-01 3.859718339749999227e+00
1.200000000000001066e+00 6.372524817749998682e+00
1.600000000000001421e+00 8.668154847624998993e+00
2.000000000000000000e+00 9.155111886374998065e+00
2.400000000000000355e+00 7.495844492499999845e+00
2.800000000000000711e+00 4.860032813999999313e+00
3.200000000000001066e+00 2.676690505124999842e+00
3.600000000000001421e+00 1.315324794874999759e+00
4.000000000000000000e+00 5.989497832499999230e-01
4.400000000000000355e+00 2.630698752499999737e-01
4.800000000000000711e+00 1.048887271249999975e-01
5.200000000000001066e+00 3.640501637499999471e-02
5.600000000000001421e+00 1.020127062499999980e-02
6.000000000000000000e+00 2.015672750000000076e-03
6.400000000000002132e+00 7.374412499999999252e-05
6.800000000000000711e+00 0.000000000000000000e+00
7.199999999999999289e+00 0.000000000000000000e+00
7.600000000000001421e+00 0.000000000000000000e+00
8.000000000000000000e+00 0.000000000000000000e+00
8.400000000000002132e+00 0.000000000000000000e+00
8.800000000000000711e+00 0.000000000000000000e+00
9.200000000000002842e+00 0.000000000000000000e+00
9.600000000000001421e+00 0.000000000000000000e+00
