# pT [GeV], dσ/dpT [pb/GeV]
0.000000000000000000e+00 0.000000000000000000e+00
1.000000000000000000e+01 1.483862350549999907e-03
2.000000000000000000e+01 2.181426008799999990e-03
3.000000000000000000e+01 2.611676321499999641e-03
4.000000000000000000e+01 2.874380381999999505e-03
5.000000000000000000e+01 3.002004684450000106e-03
6.000000000000000000e+01 3.058298411699999705e-03
7.000000000000000000e+01 3.040893952849999665e-03
8.000000000000000000e+01 2.976892896499999750e-03
9.000000000000000000e+01 2.884052324399999714e-03
1.000000000000000000e+02 2.749677812149999880e-03
1.100000000000000000e+02 2.582534557549999703e-03
1.200000000000000000e+02 2.415189804149999939e-03
1.300000000000000000e+02 2.230188718399999780e-03
1.400000000000000000e+02 2.036976556549999900e-03
1.500000000000000000e+02 1.866382634999999828e-03
1.600000000000000000e+02 1.693622601349999840e-03
1.700000000000000000e+02 1.522877555699999859e-03
1.800000000000000000e+02 1.367169357999999980e-03
1.900000000000000000e+02 1.203678269149999940e-03
2.000000000000000000e+02 1.054569157150000037e-03
2.100000000000000000e+02 9.153334863499999318e-04
2.200000000000000000e+02 7.872054368999999250e-04
2.300000000000000000e+02 6.851714820500000042e-04
2.400000000000000000e+02 5.804928554499999517e-04
2.500000000000000000e+02 4.919341328499999590e-04
2.600000000000000000e+02 4.195456889499999775e-04
2.700000000000000000e+02 3.474846805999999783e-04
2.800000000000000000e+02 2.844407435500000071e-04
2.900000000000000000e+02 2.290033861999999883e-04
3.000000000000000000e+02 1.922046678499999845e-04
3.100000000000000000e+02 1.479001191999999854e-04
3.200000000000000000e+02 1.209748420499999965e-04
3.300000000000000000e+02 8.810535029999999644e-05
3.400000000000000000e+02 7.007120769999999454e-05
3.500000000000000000e+02 5.160888014999999917e-05
3.600000000000000000e+02 3.866258225000000125e-05
3.700000000000000000e+02 2.788239644999999714e-05
3.800000000000000000e+02 2.088031315000000028e-05
3.900000000000000000e+02 1.397897924999999769e-05
4.000000000000000000e+02 8.664448399999998967e-06
4.100000000000000000e+02 6.145713399999999779e-06
4.200000000000000000e+02 4.130725399999999921e-06
4.300000000000000000e+02 2.820983199999999801e-06
4.400000000000000000e+02 1.889051249999999814e-06
4.500000000000000000e+02 9.571193000000000385e-07
4.600000000000000000e+02 5.037469999999999645e-07
4.700000000000000000e+02 2.770608499999999805e-07
4.800000000000000000e+02 0.000000000000000000e+00
4.900000000000000000e+02 7.556204999999999468e-08
