# eta, dσ/deta [pb]
-1.000000000000000000e+01 0.000000000000000000e+00
-9.599999999999999645e+00 0.000000000000000000e+00
-9.199999999999999289e+00 0.000000000000000000e+00
-8.800000000000000711e+00 0.000000000000000000e+00
-8.400000000000000355e+00 0.000000000000000000e+00
-8.000000000000000000e+00 0.000000000000000000e+00
-7.599999999999999645e+00 0.000000000000000000e+00
-7.199999999999999289e+00 0.000000000000000000e+00
-6.799999999999999822e+00 0.000000000000000000e+00
-6.400000000000000355e+00 0.000000000000000000e+00
-6.000000000000000000e+00 0.000000000000000000e+00
-5.599999999999999645e+00 0.000000000000000000e+00
-5.199999999999999289e+00 0.000000000000000000e+00
-4.799999999999999822e+00 0.000000000000000000e+00
-4.399999999999999467e+00 0.000000000000000000e+00
-4.000000000000000000e+00 0.000000000000000000e+00
-3.599999999999999645e+00 0.000000000000000000e+00
-3.199999999999999289e+00 0.000000000000000000e+00
-2.799999999999999822e+00 0.000000000000000000e+00
-2.399999999999999467e+00 6.296837499999999663e-06
-2.000000000000000000e+00 9.130414375000000019e-05
-1.599999999999999645e+00 5.591591699999999077e-04
-1.199999999999999289e+00 1.795228371249999767e-03
-7.999999999999989342e-01 4.800079226249999269e-03
-3.999999999999985789e-01 1.142372259249999945e-02
0.000000000000000000e+00 2.507526629249999528e-02
4.000000000000003553e-01 5.223982326749999211e-02
8.000000000000007105e-01 9.883642076749997452e-02
1.200000000000001066e+00 1.630358274987499800e-01
1.600000000000001421e+00 2.215838225737499501e-01
2.000000000000000000e+00 2.348430732974999546e-01
2.400000000000000355e+00 1.920226892462499890e-01
2.800000000000000711e+00 1.246773824999999891e-01
3.200000000000001066e+00 6.840443481374999801e-02
3.600000000000001421e+00 3.366667137749999178e-02
4.000000000000000000e+00 1.562245383749999959e-02
4.400000000000000355e+00 6.709280356249998876e-03
4.800000000000000711e+00 2.746050833749999476e-03
5.200000000000001066e+00 9.319319499999998823e-04
5.600000000000001421e+00 2.556516024999999463e-04
6.000000000000000000e+00 3.841070874999999354e-05
6.400000000000002132e+00 2.518734999999999611e-06
6.800000000000000711e+00 0.000000000000000000e+00
7.199999999999999289e+00 0.000000000000000000e+00
7.600000000000001421e+00 0.000000000000000000e+00
8.000000000000000000e+00 0.000000000000000000e+00
8.400000000000002132e+00 0.000000000000000000e+00
8.800000000000000711e+00 0.000000000000000000e+00
9.200000000000002842e+00 0.000000000000000000e+00
9.600000000000001421e+00 0.000000000000000000e+00
