# M_tau_tau [GeV] Ratio(a_tau/SM)
1.050000e+01	1.000317e+00
1.150000e+01	1.005346e+00
1.250000e+01	1.000696e+00
1.350000e+01	9.918933e-01
1.450000e+01	9.982391e-01
1.550000e+01	1.004828e+00
1.650000e+01	1.000346e+00
1.750000e+01	9.910525e-01
1.850000e+01	1.002888e+00
1.950000e+01	9.963152e-01
2.050000e+01	1.001755e+00
2.150000e+01	1.006811e+00
2.250000e+01	1.022290e+00
2.350000e+01	9.840885e-01
2.450000e+01	1.005918e+00
2.550000e+01	1.001983e+00
2.650000e+01	1.010310e+00
2.750000e+01	1.007291e+00
2.850000e+01	9.882569e-01
2.950000e+01	1.009458e+00
3.050000e+01	9.845163e-01
3.150000e+01	9.784802e-01
3.250000e+01	1.001137e+00
3.350000e+01	9.719172e-01
3.450000e+01	9.875547e-01
3.550000e+01	9.645227e-01
3.650000e+01	1.029052e+00
3.750000e+01	1.028517e+00
3.850000e+01	1.019580e+00
3.950000e+01	9.564581e-01
4.050000e+01	1.016413e+00
4.150000e+01	1.072018e+00
4.250000e+01	9.413146e-01
4.350000e+01	1.005092e+00
4.450000e+01	1.021655e+00
4.550000e+01	1.000602e+00
4.650000e+01	1.017905e+00
4.750000e+01	9.155800e-01
4.850000e+01	1.018293e+00
4.950000e+01	9.519616e-01
5.050000e+01	1.041885e+00
5.150000e+01	9.845032e-01
5.250000e+01	1.018219e+00
5.350000e+01	9.916230e-01
5.450000e+01	9.694570e-01
5.550000e+01	1.007371e+00
5.650000e+01	9.411765e-01
5.750000e+01	1.045255e+00
5.850000e+01	9.049645e-01
5.950000e+01	1.017268e+00
6.050000e+01	1.037479e+00
6.150000e+01	1.035250e+00
6.250000e+01	1.000000e+00
6.350000e+01	9.888268e-01
6.450000e+01	1.046771e+00
6.550000e+01	1.063348e+00
6.650000e+01	8.642534e-01
6.750000e+01	1.050251e+00
6.850000e+01	9.972826e-01
6.950000e+01	9.595687e-01
7.050000e+01	1.000000e+00
7.150000e+01	9.008746e-01
7.250000e+01	9.934211e-01
7.350000e+01	1.003215e+00
7.450000e+01	9.337979e-01
7.550000e+01	9.291045e-01
7.650000e+01	9.314079e-01
7.750000e+01	8.798450e-01
7.850000e+01	9.395349e-01
7.950000e+01	1.022624e+00
8.050000e+01	1.112245e+00
8.150000e+01	1.298851e+00
8.250000e+01	1.025641e+00
8.350000e+01	1.005435e+00
8.450000e+01	1.011050e+00
8.550000e+01	9.111111e-01
8.650000e+01	8.882353e-01
8.750000e+01	1.097015e+00
8.850000e+01	1.014493e+00
8.950000e+01	1.189189e+00
9.050000e+01	9.375000e-01
9.150000e+01	1.119048e+00
9.250000e+01	9.062500e-01
9.350000e+01	1.168317e+00
9.450000e+01	6.962963e-01
9.550000e+01	1.016260e+00
9.650000e+01	7.563025e-01
9.750000e+01	1.266667e+00
9.850000e+01	8.367347e-01
9.950000e+01	8.556701e-01
1.005000e+02	1.012658e+00
1.015000e+02	1.108108e+00
1.025000e+02	9.651163e-01
1.035000e+02	9.605263e-01
1.045000e+02	8.780488e-01
1.055000e+02	1.000000e+00
1.065000e+02	1.153846e+00
1.075000e+02	1.081967e+00
1.085000e+02	8.684211e-01
1.095000e+02	1.092593e+00
1.105000e+02	1.134615e+00
1.115000e+02	9.259259e-01
1.125000e+02	1.369565e+00
1.135000e+02	7.258065e-01
1.145000e+02	1.350000e+00
1.155000e+02	1.180000e+00
1.165000e+02	8.679245e-01
1.175000e+02	1.043478e+00
1.185000e+02	1.000000e+00
1.195000e+02	1.285714e+00
1.205000e+02	1.047619e+00
1.215000e+02	1.090909e+00
1.225000e+02	1.200000e+00
1.235000e+02	1.375000e+00
1.245000e+02	8.205128e-01
1.255000e+02	1.304348e+00
1.265000e+02	9.090909e-01
1.275000e+02	1.450000e+00
1.285000e+02	6.944444e-01
1.295000e+02	8.409091e-01
1.305000e+02	8.387097e-01
1.315000e+02	1.000000e+00
1.325000e+02	9.666667e-01
1.335000e+02	9.411765e-01
1.345000e+02	1.125000e+00
1.355000e+02	1.190476e+00
1.365000e+02	8.709677e-01
1.375000e+02	1.400000e+00
1.385000e+02	8.695652e-01
1.395000e+02	9.259259e-01
1.405000e+02	1.235294e+00
1.415000e+02	1.062500e+00
1.425000e+02	7.878788e-01
1.435000e+02	6.666667e-01
1.445000e+02	1.153846e+00
1.455000e+02	9.200000e-01
1.465000e+02	8.181818e-01
1.475000e+02	5.000000e-01
1.485000e+02	1.555556e+00
1.495000e+02	7.368421e-01
1.505000e+02	8.461538e-01
1.515000e+02	9.500000e-01
1.525000e+02	8.888889e-01
1.535000e+02	1.076923e+00
1.545000e+02	1.666667e+00
1.555000e+02	1.000000e+00
1.565000e+02	5.384615e-01
1.575000e+02	1.500000e+00
1.585000e+02	1.250000e+00
1.595000e+02	1.090909e+00
1.605000e+02	9.000000e-01
1.615000e+02	7.058824e-01
1.625000e+02	6.842105e-01
1.635000e+02	7.000000e-01
1.645000e+02	1.000000e+00
1.655000e+02	1.000000e+00
1.665000e+02	1.428571e+00
1.675000e+02	5.454545e-01
1.685000e+02	3.666667e+00
1.695000e+02	2.166667e+00
1.705000e+02	1.111111e+00
1.715000e+02	5.714286e-01
1.725000e+02	8.571429e-01
1.735000e+02	1.000000e+00
1.745000e+02	1.428571e+00
1.755000e+02	6.666667e-01
1.765000e+02	1.125000e+00
1.775000e+02	5.384615e-01
1.785000e+02	1.000000e+00
1.795000e+02	1.666667e+00
1.805000e+02	2.727273e-01
1.815000e+02	4.444444e-01
1.825000e+02	2.400000e+00
1.835000e+02	8.333333e-01
1.845000e+02	7.142857e-01
1.855000e+02	6.500000e+00
1.865000e+02	1.250000e+00
1.875000e+02	1.333333e+00
1.885000e+02	1.400000e+00
1.895000e+02	2.000000e+00
1.905000e+02	1.000000e+00
1.915000e+02	1.000000e+00
1.925000e+02	1.333333e+00
1.935000e+02	1.666667e-01
1.945000e+02	2.500000e+00
1.955000e+02	5.454545e-01
1.965000e+02	1.666667e-01
1.975000e+02	6.666667e-01
1.985000e+02	7.000000e-01
1.995000e+02	2.727273e-01
2.005000e+02	4.444444e-01
2.015000e+02	5.000000e-01
2.025000e+02	1.666667e+00
2.035000e+02	5.000000e-01
2.045000e+02	5.000000e-01
2.055000e+02	8.000000e-01
2.065000e+02	3.333333e-01
2.075000e+02	1.333333e+00
2.085000e+02	3.333333e-01
2.095000e+02	1.000000e+00
2.105000e+02	3.000000e+00
2.115000e+02	2.000000e+00
2.125000e+02	5.000000e+00
2.135000e+02	1.500000e+00
2.145000e+02	2.000000e+00
2.155000e+02	0.000000e+00
2.165000e+02	2.500000e-01
2.175000e+02	1.666667e-01
2.185000e+02	0.000000e+00
2.195000e+02	1.000000e+00
2.205000e+02	1.333333e+00
2.215000e+02	1.000000e+00
2.225000e+02	3.000000e+00
2.235000e+02	1.666667e+00
2.245000e+02	0.000000e+00
2.255000e+02	6.000000e+00
2.265000e+02	1.000000e+00
2.275000e+02	2.000000e+00
2.285000e+02	1.000000e+00
2.295000e+02	0.000000e+00
2.305000e+02	1.500000e+00
2.315000e+02	2.500000e-01
2.325000e+02	1.000000e+00
2.335000e+02	2.500000e-01
2.345000e+02	3.000000e+00
2.355000e+02	3.333333e-01
2.365000e+02	1.666667e+00
2.375000e+02	1.000000e+00
2.385000e+02	3.333333e-01
2.395000e+02	2.000000e+00
2.405000e+02	2.000000e+00
2.415000e+02	5.000000e-01
2.425000e+02	0.000000e+00
2.435000e+02	1.666667e+00
2.445000e+02	2.000000e+00
2.455000e+02	1.000000e+00
2.465000e+02	2.000000e+00
2.475000e+02	2.000000e+00
2.485000e+02	2.000000e+00
2.495000e+02	3.000000e+00
2.505000e+02	5.000000e-01
2.515000e+02	5.000000e-01
2.525000e+02	0.000000e+00
2.535000e+02	0.000000e+00
2.545000e+02	2.000000e-01
2.555000e+02	5.000000e-01
2.565000e+02	2.000000e+00
2.575000e+02	0.000000e+00
2.585000e+02	5.000000e-01
2.595000e+02	1.000000e+00
2.605000e+02	1.000000e+00
2.615000e+02	1.000000e+00
2.625000e+02	3.000000e+00
2.635000e+02	1.000000e+00
2.645000e+02	1.000000e+00
2.655000e+02	1.000000e+00
2.665000e+02	1.000000e+00
2.675000e+02	1.000000e+00
2.685000e+02	1.000000e+00
2.695000e+02	5.000000e-01
2.705000e+02	0.000000e+00
2.715000e+02	1.000000e+00
2.725000e+02	1.000000e+00
2.735000e+02	1.000000e+00
2.745000e+02	1.000000e+00
2.755000e+02	1.000000e+00
2.765000e+02	0.000000e+00
2.775000e+02	1.000000e+00
2.785000e+02	3.000000e+00
2.795000e+02	5.000000e-01
2.805000e+02	1.000000e+00
2.815000e+02	1.000000e+00
2.825000e+02	1.000000e+00
2.835000e+02	1.000000e+00
2.845000e+02	5.000000e-01
2.855000e+02	1.000000e+00
2.865000e+02	0.000000e+00
2.875000e+02	0.000000e+00
2.885000e+02	1.000000e+00
2.895000e+02	0.000000e+00
2.905000e+02	1.000000e+00
2.915000e+02	1.000000e+00
2.925000e+02	1.000000e+00
2.935000e+02	1.000000e+00
2.945000e+02	1.000000e+00
2.955000e+02	1.000000e+00
2.965000e+02	1.000000e+00
2.975000e+02	1.000000e+00
2.985000e+02	0.000000e+00
2.995000e+02	0.000000e+00
3.005000e+02	2.000000e+00
3.015000e+02	1.000000e+00
3.025000e+02	7.500000e-01
3.035000e+02	1.000000e+00
3.045000e+02	1.000000e+00
3.055000e+02	0.000000e+00
3.065000e+02	1.000000e+00
3.075000e+02	1.000000e+00
3.085000e+02	1.000000e+00
3.095000e+02	5.000000e-01
3.105000e+02	1.000000e+00
3.115000e+02	1.000000e+00
3.125000e+02	1.000000e+00
3.135000e+02	1.000000e+00
3.145000e+02	1.000000e+00
3.155000e+02	1.000000e+00
3.165000e+02	1.000000e+00
3.175000e+02	0.000000e+00
3.185000e+02	1.000000e+00
3.195000e+02	1.000000e+00
3.205000e+02	1.000000e+00
3.215000e+02	0.000000e+00
3.225000e+02	0.000000e+00
3.235000e+02	1.000000e+00
3.245000e+02	1.000000e+00
3.255000e+02	0.000000e+00
3.265000e+02	0.000000e+00
3.275000e+02	1.000000e+00
3.285000e+02	0.000000e+00
3.295000e+02	1.000000e+00
3.305000e+02	0.000000e+00
3.315000e+02	1.000000e+00
3.325000e+02	1.000000e+00
3.335000e+02	0.000000e+00
3.345000e+02	1.000000e+00
3.355000e+02	1.000000e+00
3.365000e+02	1.000000e+00
3.375000e+02	0.000000e+00
3.385000e+02	1.000000e+00
3.395000e+02	0.000000e+00
3.405000e+02	1.000000e+00
3.415000e+02	0.000000e+00
3.425000e+02	1.000000e+00
3.435000e+02	1.000000e+00
3.445000e+02	1.000000e+00
3.455000e+02	0.000000e+00
3.465000e+02	1.000000e+00
3.475000e+02	1.000000e+00
3.485000e+02	1.000000e+00
3.495000e+02	1.000000e+00
3.505000e+02	1.000000e+00
3.515000e+02	0.000000e+00
3.525000e+02	0.000000e+00
3.535000e+02	1.000000e+00
3.545000e+02	1.000000e+00
3.555000e+02	1.000000e+00
3.565000e+02	1.000000e+00
3.575000e+02	1.000000e+00
3.585000e+02	1.000000e+00
3.595000e+02	1.000000e+00
3.605000e+02	0.000000e+00
3.615000e+02	1.000000e+00
3.625000e+02	1.000000e+00
3.635000e+02	0.000000e+00
3.645000e+02	0.000000e+00
3.655000e+02	1.000000e+00
3.665000e+02	1.000000e+00
3.675000e+02	1.000000e+00
3.685000e+02	1.000000e+00
3.695000e+02	1.000000e+00
3.705000e+02	0.000000e+00
3.715000e+02	1.000000e+00
3.725000e+02	1.000000e+00
3.735000e+02	1.000000e+00
3.745000e+02	1.000000e+00
3.755000e+02	1.000000e+00
3.765000e+02	0.000000e+00
3.775000e+02	1.000000e+00
3.785000e+02	1.000000e+00
3.795000e+02	1.000000e+00
3.805000e+02	0.000000e+00
3.815000e+02	1.000000e+00
3.825000e+02	1.000000e+00
3.835000e+02	1.000000e+00
3.845000e+02	1.000000e+00
3.855000e+02	1.000000e+00
3.865000e+02	1.000000e+00
3.875000e+02	1.000000e+00
3.885000e+02	1.000000e+00
3.895000e+02	1.000000e+00
3.905000e+02	1.000000e+00
3.915000e+02	1.000000e+00
3.925000e+02	1.000000e+00
3.935000e+02	1.000000e+00
3.945000e+02	1.000000e+00
3.955000e+02	1.000000e+00
3.965000e+02	1.000000e+00
3.975000e+02	1.000000e+00
3.985000e+02	1.000000e+00
3.995000e+02	1.000000e+00
4.005000e+02	1.000000e+00
4.015000e+02	1.000000e+00
4.025000e+02	1.000000e+00
4.035000e+02	1.000000e+00
4.045000e+02	1.000000e+00
4.055000e+02	1.000000e+00
4.065000e+02	1.000000e+00
4.075000e+02	1.000000e+00
4.085000e+02	1.000000e+00
4.095000e+02	1.000000e+00
4.105000e+02	1.000000e+00
4.115000e+02	1.000000e+00
4.125000e+02	1.000000e+00
4.135000e+02	1.000000e+00
4.145000e+02	1.000000e+00
4.155000e+02	1.000000e+00
4.165000e+02	0.000000e+00
4.175000e+02	1.000000e+00
4.185000e+02	1.000000e+00
4.195000e+02	1.000000e+00
4.205000e+02	1.000000e+00
4.215000e+02	1.000000e+00
4.225000e+02	1.000000e+00
4.235000e+02	1.000000e+00
4.245000e+02	1.000000e+00
4.255000e+02	1.000000e+00
4.265000e+02	1.000000e+00
4.275000e+02	1.000000e+00
4.285000e+02	0.000000e+00
4.295000e+02	1.000000e+00
4.305000e+02	1.000000e+00
4.315000e+02	1.000000e+00
4.325000e+02	1.000000e+00
4.335000e+02	1.000000e+00
4.345000e+02	1.000000e+00
4.355000e+02	1.000000e+00
4.365000e+02	1.000000e+00
4.375000e+02	1.000000e+00
4.385000e+02	1.000000e+00
4.395000e+02	1.000000e+00
4.405000e+02	1.000000e+00
4.415000e+02	1.000000e+00
4.425000e+02	1.000000e+00
4.435000e+02	1.000000e+00
4.445000e+02	1.000000e+00
4.455000e+02	1.000000e+00
4.465000e+02	1.000000e+00
4.475000e+02	1.000000e+00
4.485000e+02	1.000000e+00
4.495000e+02	1.000000e+00
4.505000e+02	1.000000e+00
4.515000e+02	1.000000e+00
4.525000e+02	1.000000e+00
4.535000e+02	1.000000e+00
4.545000e+02	1.000000e+00
4.555000e+02	1.000000e+00
4.565000e+02	1.000000e+00
4.575000e+02	1.000000e+00
4.585000e+02	1.000000e+00
4.595000e+02	1.000000e+00
4.605000e+02	1.000000e+00
4.615000e+02	1.000000e+00
4.625000e+02	1.000000e+00
4.635000e+02	1.000000e+00
4.645000e+02	1.000000e+00
4.655000e+02	1.000000e+00
4.665000e+02	1.000000e+00
4.675000e+02	1.000000e+00
4.685000e+02	1.000000e+00
4.695000e+02	1.000000e+00
4.705000e+02	1.000000e+00
4.715000e+02	1.000000e+00
4.725000e+02	1.000000e+00
4.735000e+02	1.000000e+00
4.745000e+02	1.000000e+00
4.755000e+02	1.000000e+00
4.765000e+02	1.000000e+00
4.775000e+02	1.000000e+00
4.785000e+02	1.000000e+00
4.795000e+02	1.000000e+00
4.805000e+02	1.000000e+00
4.815000e+02	1.000000e+00
4.825000e+02	1.000000e+00
4.835000e+02	1.000000e+00
4.845000e+02	1.000000e+00
4.855000e+02	1.000000e+00
4.865000e+02	1.000000e+00
4.875000e+02	1.000000e+00
4.885000e+02	1.000000e+00
4.895000e+02	1.000000e+00
4.905000e+02	1.000000e+00
4.915000e+02	1.000000e+00
4.925000e+02	1.000000e+00
4.935000e+02	1.000000e+00
4.945000e+02	1.000000e+00
4.955000e+02	1.000000e+00
4.965000e+02	1.000000e+00
4.975000e+02	1.000000e+00
4.985000e+02	1.000000e+00
4.995000e+02	1.000000e+00
