# eta, dσ/deta [pb]
-1.000000000000000000e+01 0.000000000000000000e+00
-9.599999999999999645e+00 0.000000000000000000e+00
-9.199999999999999289e+00 0.000000000000000000e+00
-8.800000000000000711e+00 0.000000000000000000e+00
-8.400000000000000355e+00 0.000000000000000000e+00
-8.000000000000000000e+00 0.000000000000000000e+00
-7.599999999999999645e+00 0.000000000000000000e+00
-7.199999999999999289e+00 0.000000000000000000e+00
-6.799999999999999822e+00 0.000000000000000000e+00
-6.400000000000000355e+00 0.000000000000000000e+00
-6.000000000000000000e+00 0.000000000000000000e+00
-5.599999999999999645e+00 0.000000000000000000e+00
-5.199999999999999289e+00 0.000000000000000000e+00
-4.799999999999999822e+00 0.000000000000000000e+00
-4.399999999999999467e+00 0.000000000000000000e+00
-4.000000000000000000e+00 0.000000000000000000e+00
-3.599999999999999645e+00 0.000000000000000000e+00
-3.199999999999999289e+00 0.000000000000000000e+00
-2.799999999999999822e+00 0.000000000000000000e+00
-2.399999999999999467e+00 1.946499999999999880e-04
-2.000000000000000000e+00 1.265225000000000030e-02
-1.599999999999999645e+00 7.708139999999999437e-02
-1.199999999999999289e+00 2.688116500000000131e-01
-7.999999999999989342e-01 7.133922500000000610e-01
-3.999999999999985789e-01 1.724404349999999919e+00
0.000000000000000000e+00 3.883656799999999798e+00
4.000000000000003553e-01 7.972280050000000173e+00
8.000000000000007105e-01 1.504586104999999918e+01
1.200000000000001066e+00 2.525252844999999979e+01
1.600000000000001421e+00 3.435572499999999962e+01
2.000000000000000000e+00 3.657278849999999437e+01
2.400000000000000355e+00 2.989454165000000074e+01
2.800000000000000711e+00 1.919949739999999849e+01
3.200000000000001066e+00 1.055197649999999854e+01
3.600000000000001421e+00 5.156473150000000061e+00
4.000000000000000000e+00 2.352150599999999869e+00
4.400000000000000355e+00 1.005172600000000083e+00
4.800000000000000711e+00 4.181081999999999854e-01
5.200000000000001066e+00 1.448195999999999928e-01
5.600000000000001421e+00 4.029254999999999642e-02
6.000000000000000000e+00 6.812750000000000229e-03
6.400000000000002132e+00 7.785999999999999518e-04
6.800000000000000711e+00 0.000000000000000000e+00
7.199999999999999289e+00 0.000000000000000000e+00
7.600000000000001421e+00 0.000000000000000000e+00
8.000000000000000000e+00 0.000000000000000000e+00
8.400000000000002132e+00 0.000000000000000000e+00
8.800000000000000711e+00 0.000000000000000000e+00
9.200000000000002842e+00 0.000000000000000000e+00
9.600000000000001421e+00 0.000000000000000000e+00
