# Δη_jj, dσ/d(Δη_jj) [pb]
0.000000000000000000e+00 7.380894419999999911e+01
1.000000000000000056e-01 7.528205539999999019e+01
2.000000000000000111e-01 7.880444180000000642e+01
3.000000000000000444e-01 8.873003459999999620e+01
4.000000000000000222e-01 9.691389920000000302e+01
5.000000000000000000e-01 8.706071620000000166e+01
6.000000000000000888e-01 6.896838800000000447e+01
7.000000000000000666e-01 5.252279880000000389e+01
8.000000000000000444e-01 3.912854300000000052e+01
9.000000000000000222e-01 2.912119720000000100e+01
1.000000000000000000e+00 2.178989959999999826e+01
1.100000000000000089e+00 1.650086980000000025e+01
1.200000000000000178e+00 1.243891360000000113e+01
1.300000000000000044e+00 9.444417999999998869e+00
1.400000000000000133e+00 7.167791600000000152e+00
1.500000000000000000e+00 5.313166400000000067e+00
1.600000000000000089e+00 3.948280600000000362e+00
1.700000000000000178e+00 3.052890600000000010e+00
1.800000000000000044e+00 2.328014000000000028e+00
1.900000000000000133e+00 1.725377600000000067e+00
2.000000000000000000e+00 1.213058799999999993e+00
2.100000000000000089e+00 9.685783999999999505e-01
2.200000000000000178e+00 6.719317999999999680e-01
2.300000000000000266e+00 4.617098000000000035e-01
2.400000000000000355e+00 3.791782000000000208e-01
2.500000000000000000e+00 2.413659999999999972e-01
2.600000000000000089e+00 1.938713999999999993e-01
2.700000000000000178e+00 1.253545999999999827e-01
2.800000000000000266e+00 1.043323999999999918e-01
2.900000000000000355e+00 6.150940000000000574e-02
3.000000000000000000e+00 4.048720000000000097e-02
3.100000000000000089e+00 2.802960000000000174e-02
3.200000000000000178e+00 2.180079999999999865e-02
3.300000000000000266e+00 7.786000000000000386e-03
3.400000000000000355e+00 8.564600000000000338e-03
3.500000000000000000e+00 8.564600000000000338e-03
3.600000000000000089e+00 7.007400000000000434e-03
3.700000000000000178e+00 1.557199999999999904e-03
3.800000000000000266e+00 7.785999999999999518e-04
3.900000000000000355e+00 2.335799999999999856e-03
4.000000000000000000e+00 1.557199999999999904e-03
4.100000000000000533e+00 0.000000000000000000e+00
4.200000000000000178e+00 0.000000000000000000e+00
4.299999999999999822e+00 0.000000000000000000e+00
4.400000000000000355e+00 0.000000000000000000e+00
4.500000000000000000e+00 0.000000000000000000e+00
4.600000000000000533e+00 0.000000000000000000e+00
4.700000000000000178e+00 0.000000000000000000e+00
4.800000000000000711e+00 0.000000000000000000e+00
4.900000000000000355e+00 0.000000000000000000e+00
