# M_W^{jj} [GeV]   dσ/dM_W^{jj} [pb/GeV]
1.000000e+00 3.765419e-09
4.580000e+00 3.765419e-09
8.160000e+00 1.882709e-08
1.174000e+01 1.882709e-08
1.532000e+01 4.141961e-08
1.890000e+01 8.660464e-08
2.248000e+01 1.016663e-07
2.606000e+01 1.995672e-07
2.964000e+01 2.711102e-07
3.322000e+01 5.120970e-07
3.680000e+01 7.945034e-07
4.038000e+01 1.076910e-06
4.396000e+01 1.720796e-06
4.754000e+01 2.470115e-06
5.112000e+01 3.900974e-06
5.470000e+01 5.949362e-06
5.828000e+01 9.323177e-06
6.186000e+01 1.592772e-05
6.544000e+01 3.051496e-05
6.902000e+01 7.289475e-05
7.260000e+01 3.080414e-04
7.618000e+01 2.486867e-03
7.976000e+01 5.389708e-04
8.334000e+01 1.121455e-04
8.692000e+01 4.867557e-05
9.050000e+01 2.812391e-05
9.408000e+01 1.798741e-05
9.766000e+01 1.280242e-05
1.012400e+02 9.793855e-06
1.048200e+02 7.493184e-06
1.084000e+02 5.900412e-06
1.119800e+02 4.876218e-06
1.155600e+02 4.164553e-06
1.191400e+02 3.392643e-06
1.227200e+02 2.884311e-06
1.263000e+02 2.688509e-06
1.298800e+02 2.108635e-06
1.334600e+02 2.010734e-06
1.370400e+02 1.732093e-06
1.406200e+02 1.619130e-06
1.442000e+02 1.491106e-06
1.477800e+02 1.336724e-06
1.513600e+02 1.167280e-06
1.549400e+02 9.112314e-07
1.585200e+02 8.924043e-07
1.621000e+02 8.848735e-07
1.656800e+02 8.848735e-07
1.692600e+02 7.568492e-07
1.728400e+02 6.777754e-07
1.764200e+02 5.572820e-07
