# eta, dσ/deta [pb]
-1.000000000000000000e+01 0.000000000000000000e+00
-9.599999999999999645e+00 0.000000000000000000e+00
-9.199999999999999289e+00 0.000000000000000000e+00
-8.800000000000000711e+00 0.000000000000000000e+00
-8.400000000000000355e+00 0.000000000000000000e+00
-8.000000000000000000e+00 0.000000000000000000e+00
-7.599999999999999645e+00 0.000000000000000000e+00
-7.199999999999999289e+00 0.000000000000000000e+00
-6.799999999999999822e+00 0.000000000000000000e+00
-6.400000000000000355e+00 0.000000000000000000e+00
-6.000000000000000000e+00 0.000000000000000000e+00
-5.599999999999999645e+00 0.000000000000000000e+00
-5.199999999999999289e+00 0.000000000000000000e+00
-4.799999999999999822e+00 0.000000000000000000e+00
-4.399999999999999467e+00 0.000000000000000000e+00
-4.000000000000000000e+00 0.000000000000000000e+00
-3.599999999999999645e+00 0.000000000000000000e+00
-3.199999999999999289e+00 0.000000000000000000e+00
-2.799999999999999822e+00 0.000000000000000000e+00
-2.399999999999999467e+00 7.414109999999998883e-07
-2.000000000000000000e+00 2.018659949999999944e-05
-1.599999999999999645e+00 9.142945650000000037e-05
-1.199999999999999289e+00 2.586850379999999913e-04
-7.999999999999989342e-01 6.084288269999999985e-04
-3.999999999999985789e-01 1.180899220499999997e-03
0.000000000000000000e+00 2.017952239499999634e-03
4.000000000000003553e-01 2.916508670999999869e-03
8.000000000000007105e-01 3.712143775499999500e-03
1.200000000000001066e+00 4.199587807499999444e-03
1.600000000000001421e+00 4.265944091999999445e-03
2.000000000000000000e+00 3.964931225999999628e-03
2.400000000000000355e+00 3.389596289999999637e-03
2.800000000000000711e+00 2.660620774499999550e-03
3.200000000000001066e+00 1.906167680999999942e-03
3.600000000000001421e+00 1.222687840499999973e-03
4.000000000000000000e+00 6.977014514999999376e-04
4.400000000000000355e+00 3.559109805000000115e-04
4.800000000000000711e+00 1.521240569999999983e-04
5.200000000000001066e+00 5.823446399999999431e-05
5.600000000000001421e+00 1.668174749999999982e-05
6.000000000000000000e+00 3.066745500000000096e-06
6.400000000000002132e+00 2.696039999999999834e-07
6.800000000000000711e+00 0.000000000000000000e+00
7.199999999999999289e+00 0.000000000000000000e+00
7.600000000000001421e+00 0.000000000000000000e+00
8.000000000000000000e+00 0.000000000000000000e+00
8.400000000000002132e+00 0.000000000000000000e+00
8.800000000000000711e+00 0.000000000000000000e+00
9.200000000000002842e+00 0.000000000000000000e+00
9.600000000000001421e+00 0.000000000000000000e+00
