# C_j, dσ/d(C_j) [pb]
0.000000000000000000e+00 2.065368842999999819e-03
2.000000000000000111e-01 2.487501305999999680e-03
4.000000000000000222e-01 3.168049203000000095e-03
6.000000000000000888e-01 3.813683381999999778e-03
8.000000000000000444e-01 4.304497463999999891e-03
1.000000000000000000e+00 4.617979514999999598e-03
1.200000000000000178e+00 4.814723033999999784e-03
1.400000000000000133e+00 4.856242049999999130e-03
1.600000000000000089e+00 4.815666647999999710e-03
1.800000000000000044e+00 4.744154186999999245e-03
2.000000000000000000e+00 4.500432170999999273e-03
2.200000000000000178e+00 4.198475690999999531e-03
2.400000000000000355e+00 3.833903681999999927e-03
2.600000000000000089e+00 3.440147040000000010e-03
2.800000000000000266e+00 2.949737363999999432e-03
3.000000000000000000e+00 2.516348934000000020e-03
3.200000000000000178e+00 2.023849826999999605e-03
3.400000000000000355e+00 1.542674087999999820e-03
3.600000000000000089e+00 1.112790509999999917e-03
3.800000000000000266e+00 7.532735760000000254e-04
4.000000000000000000e+00 4.565069729999999843e-04
4.200000000000000178e+00 2.413629809999999942e-04
4.400000000000000355e+00 9.921427199999999984e-05
4.600000000000000533e+00 3.525072299999999396e-05
4.800000000000000711e+00 7.346708999999999933e-06
5.000000000000000000e+00 1.752426000000000025e-06
5.200000000000000178e+00 6.740099999999999586e-08
5.400000000000000355e+00 0.000000000000000000e+00
5.600000000000000533e+00 0.000000000000000000e+00
5.800000000000000711e+00 0.000000000000000000e+00
6.000000000000000000e+00 0.000000000000000000e+00
6.200000000000000178e+00 0.000000000000000000e+00
6.400000000000000355e+00 0.000000000000000000e+00
6.600000000000000533e+00 0.000000000000000000e+00
6.800000000000000711e+00 0.000000000000000000e+00
7.000000000000000000e+00 0.000000000000000000e+00
7.200000000000000178e+00 0.000000000000000000e+00
7.400000000000000355e+00 0.000000000000000000e+00
7.600000000000000533e+00 0.000000000000000000e+00
7.800000000000000711e+00 0.000000000000000000e+00
8.000000000000000000e+00 0.000000000000000000e+00
8.200000000000001066e+00 0.000000000000000000e+00
8.400000000000000355e+00 0.000000000000000000e+00
8.599999999999999645e+00 0.000000000000000000e+00
8.800000000000000711e+00 0.000000000000000000e+00
9.000000000000000000e+00 0.000000000000000000e+00
9.200000000000001066e+00 0.000000000000000000e+00
9.400000000000000355e+00 0.000000000000000000e+00
9.600000000000001421e+00 0.000000000000000000e+00
9.800000000000000711e+00 0.000000000000000000e+00
