# M_W^{jj} [GeV]   dσ/dM_W^{jj} [pb/GeV]
1.000000e+00 2.197728e-05
4.580000e+00 1.758182e-04
8.160000e+00 1.318637e-04
1.174000e+01 3.516364e-04
1.532000e+01 4.175683e-04
1.890000e+01 3.736137e-04
2.248000e+01 5.494319e-04
2.606000e+01 6.593183e-04
2.964000e+01 9.670002e-04
3.322000e+01 8.790911e-04
3.680000e+01 8.790911e-04
4.038000e+01 9.010684e-04
4.396000e+01 8.351365e-04
4.754000e+01 1.010955e-03
5.112000e+01 1.098864e-03
5.470000e+01 1.010955e-03
5.828000e+01 1.274682e-03
6.186000e+01 1.230728e-03
6.544000e+01 1.274682e-03
6.902000e+01 1.142818e-03
7.260000e+01 1.230728e-03
7.618000e+01 1.076887e-03
7.976000e+01 1.516432e-03
8.334000e+01 1.560387e-03
8.692000e+01 1.780159e-03
9.050000e+01 1.824114e-03
9.408000e+01 1.516432e-03
9.766000e+01 1.582364e-03
1.012400e+02 1.516432e-03
1.048200e+02 1.934000e-03
1.084000e+02 1.538409e-03
1.119800e+02 1.846091e-03
1.155600e+02 2.087841e-03
1.191400e+02 1.802137e-03
1.227200e+02 1.977955e-03
1.263000e+02 1.955978e-03
1.298800e+02 1.934000e-03
1.334600e+02 1.868069e-03
1.370400e+02 1.999932e-03
1.406200e+02 2.087841e-03
1.442000e+02 2.087841e-03
1.477800e+02 2.153773e-03
1.513600e+02 1.912023e-03
1.549400e+02 1.977955e-03
1.585200e+02 1.868069e-03
1.621000e+02 2.109819e-03
1.656800e+02 2.175750e-03
1.692600e+02 2.417500e-03
1.728400e+02 1.868069e-03
1.764200e+02 2.087841e-03
