# C_j, dσ/d(C_j) [pb]
0.000000000000000000e+00 1.167239746666666605e-01
1.199999999999999956e-01 1.216213680000000075e-01
2.399999999999999911e-01 1.337403413333333180e-01
3.599999999999999867e-01 1.535789346666666666e-01
4.799999999999999822e-01 1.913635693333333165e-01
5.999999999999999778e-01 2.333317399999999819e-01
7.199999999999999734e-01 2.831523413333333350e-01
8.399999999999999689e-01 3.410411906666666604e-01
9.599999999999999645e-01 4.126095386666666642e-01
1.080000000000000071e+00 4.820197133333333772e-01
1.199999999999999956e+00 5.591163053333333410e-01
1.319999999999999840e+00 6.410770879999999616e-01
1.439999999999999947e+00 7.311227199999998927e-01
1.560000000000000053e+00 8.031227026666666324e-01
1.679999999999999938e+00 8.713873853333332642e-01
1.799999999999999822e+00 9.272342706666667489e-01
1.919999999999999929e+00 9.535307826666666875e-01
2.040000000000000036e+00 9.644378586666666475e-01
2.160000000000000142e+00 9.569008533333333011e-01
2.279999999999999805e+00 9.237147880000000644e-01
2.399999999999999911e+00 8.591522026666666978e-01
2.520000000000000018e+00 7.953864813333333394e-01
2.639999999999999680e+00 7.111679173333332882e-01
2.759999999999999787e+00 6.216701293333333211e-01
2.879999999999999893e+00 5.431790253333333984e-01
3.000000000000000000e+00 4.595581093333333533e-01
3.120000000000000107e+00 3.817974639999999753e-01
3.239999999999999769e+00 3.163882106666666694e-01
3.359999999999999876e+00 2.584329559999999915e-01
3.479999999999999982e+00 2.088115706666666682e-01
3.599999999999999645e+00 1.648180373333333337e-01
3.719999999999999751e+00 1.297560213333333323e-01
3.839999999999999858e+00 1.046880079999999991e-01
3.959999999999999964e+00 7.611711333333333329e-02
4.080000000000000071e+00 5.931656400000000218e-02
4.200000000000000178e+00 4.256581866666666464e-02
4.320000000000000284e+00 2.895272533333333523e-02
4.439999999999999503e+00 1.826146666666666682e-02
4.559999999999999609e+00 1.029282666666666603e-02
4.679999999999999716e+00 5.793865333333333631e-03
4.799999999999999822e+00 2.672814666666666669e-03
4.919999999999999929e+00 1.228498666666666492e-03
5.040000000000000036e+00 3.818306666666666360e-04
5.160000000000000142e+00 4.980399999999999953e-05
5.279999999999999361e+00 6.640533333333333271e-05
5.399999999999999467e+00 0.000000000000000000e+00
5.519999999999999574e+00 0.000000000000000000e+00
5.639999999999999680e+00 0.000000000000000000e+00
5.759999999999999787e+00 0.000000000000000000e+00
5.879999999999999893e+00 0.000000000000000000e+00
