# M_W^{jj} [GeV]   dσ/dM_W^{jj} [pb/GeV]
1.000000e+00 1.376911e-07
4.580000e+00 2.677327e-07
8.160000e+00 4.360218e-07
1.174000e+01 5.392901e-07
1.532000e+01 6.234346e-07
1.890000e+01 8.376208e-07
2.248000e+01 9.753119e-07
2.606000e+01 1.055632e-06
2.964000e+01 1.223921e-06
3.322000e+01 1.338663e-06
3.680000e+01 1.346313e-06
4.038000e+01 1.422808e-06
4.396000e+01 1.506952e-06
4.754000e+01 1.759386e-06
5.112000e+01 1.786159e-06
5.470000e+01 1.889428e-06
5.828000e+01 1.828232e-06
6.186000e+01 1.740262e-06
6.544000e+01 1.870304e-06
6.902000e+01 1.855005e-06
7.260000e+01 1.782335e-06
7.618000e+01 1.962098e-06
7.976000e+01 1.877953e-06
8.334000e+01 1.793809e-06
8.692000e+01 1.747912e-06
9.050000e+01 1.690541e-06
9.408000e+01 1.778510e-06
9.766000e+01 1.663767e-06
1.012400e+02 1.682891e-06
1.048200e+02 1.690541e-06
1.084000e+02 1.686716e-06
1.119800e+02 1.518427e-06
1.155600e+02 1.636994e-06
1.191400e+02 1.503128e-06
1.227200e+02 1.491653e-06
1.263000e+02 1.449581e-06
1.298800e+02 1.426633e-06
1.334600e+02 1.407509e-06
1.370400e+02 1.350138e-06
1.406200e+02 1.338663e-06
1.442000e+02 1.304241e-06
1.477800e+02 1.265993e-06
1.513600e+02 1.032683e-06
1.549400e+02 1.174199e-06
1.585200e+02 1.113003e-06
1.621000e+02 1.063281e-06
1.656800e+02 1.105353e-06
1.692600e+02 1.047982e-06
1.728400e+02 1.166549e-06
1.764200e+02 9.906109e-07
