# Δη_jj, dσ/d(Δη_jj) [pb]
0.000000000000000000e+00 6.550433585999998996e-03
1.000000000000000056e-01 6.523742790000000222e-03
2.000000000000000111e-01 6.545715515999999366e-03
3.000000000000000444e-01 6.527517245999999926e-03
4.000000000000000222e-01 6.484919813999998929e-03
5.000000000000000000e-01 6.469821990000000113e-03
6.000000000000000888e-01 6.404982227999999993e-03
7.000000000000000666e-01 6.333402366000000401e-03
8.000000000000000444e-01 6.241332599999998947e-03
9.000000000000000222e-01 6.154520111999999682e-03
1.000000000000000000e+00 6.056114651999999592e-03
1.100000000000000089e+00 5.911876511999999625e-03
1.200000000000000178e+00 5.618951766000000042e-03
1.300000000000000044e+00 5.486576202000000013e-03
1.400000000000000133e+00 5.196482298000000208e-03
1.500000000000000000e+00 4.952760281999999369e-03
1.600000000000000089e+00 4.647029345999999922e-03
1.700000000000000178e+00 4.275784637999999541e-03
1.800000000000000044e+00 3.911414831999999488e-03
1.900000000000000133e+00 3.596652161999999882e-03
2.000000000000000000e+00 3.241583693999999967e-03
2.100000000000000089e+00 2.913745229999999652e-03
2.200000000000000178e+00 2.538321659999999598e-03
2.300000000000000266e+00 2.198081411999999821e-03
2.400000000000000355e+00 1.910683548000000022e-03
2.500000000000000000e+00 1.651728905999999943e-03
2.600000000000000089e+00 1.366083467999999789e-03
2.700000000000000178e+00 1.111038083999999837e-03
2.800000000000000266e+00 9.186756299999998500e-04
2.900000000000000355e+00 7.563740219999998907e-04
3.000000000000000000e+00 5.927243939999999288e-04
3.100000000000000089e+00 4.658757119999999544e-04
3.200000000000000178e+00 3.542596559999999241e-04
3.300000000000000266e+00 2.751308820000000028e-04
3.400000000000000355e+00 2.013941880000000111e-04
3.500000000000000000e+00 1.500346259999999995e-04
3.600000000000000089e+00 1.029887280000000020e-04
3.700000000000000178e+00 7.184946599999999064e-05
3.800000000000000266e+00 4.502386799999999337e-05
3.900000000000000355e+00 2.156831999999999613e-05
4.000000000000000000e+00 9.570942000000000021e-06
4.100000000000000533e+00 5.526881999999999475e-06
4.200000000000000178e+00 3.100445999999999995e-06
4.299999999999999822e+00 1.348019999999999758e-06
4.400000000000000355e+00 1.482821999999999777e-06
4.500000000000000000e+00 1.213217999999999952e-06
4.600000000000000533e+00 5.392079999999999669e-07
4.700000000000000178e+00 4.044060000000000016e-07
4.800000000000000711e+00 4.044060000000000016e-07
4.900000000000000355e+00 2.696039999999999834e-07
