# eta, dσ/deta [pb]
-1.000000000000000000e+01 0.000000000000000000e+00
-9.599999999999999645e+00 0.000000000000000000e+00
-9.199999999999999289e+00 0.000000000000000000e+00
-8.800000000000000711e+00 0.000000000000000000e+00
-8.400000000000000355e+00 0.000000000000000000e+00
-8.000000000000000000e+00 0.000000000000000000e+00
-7.599999999999999645e+00 0.000000000000000000e+00
-7.199999999999999289e+00 0.000000000000000000e+00
-6.799999999999999822e+00 0.000000000000000000e+00
-6.400000000000000355e+00 0.000000000000000000e+00
-6.000000000000000000e+00 0.000000000000000000e+00
-5.599999999999999645e+00 0.000000000000000000e+00
-5.199999999999999289e+00 0.000000000000000000e+00
-4.799999999999999822e+00 0.000000000000000000e+00
-4.399999999999999467e+00 0.000000000000000000e+00
-4.000000000000000000e+00 0.000000000000000000e+00
-3.599999999999999645e+00 0.000000000000000000e+00
-3.199999999999999289e+00 0.000000000000000000e+00
-2.799999999999999822e+00 0.000000000000000000e+00
-2.399999999999999467e+00 1.495499999999999827e-05
-2.000000000000000000e+00 4.187399999999999651e-04
-1.599999999999999645e+00 1.879344999999999714e-03
-1.199999999999999289e+00 6.829449999999999063e-03
-7.999999999999989342e-01 1.892804499999999751e-02
-3.999999999999985789e-01 4.480019499999999405e-02
0.000000000000000000e+00 9.777578999999998743e-02
4.000000000000003553e-01 2.049632599999999805e-01
8.000000000000007105e-01 3.874441699999999211e-01
1.200000000000001066e+00 6.483889799999998926e-01
1.600000000000001421e+00 8.791795249999998507e-01
2.000000000000000000e+00 9.370154949999999205e-01
2.400000000000000355e+00 7.621217549999999008e-01
2.800000000000000711e+00 4.929865899999999468e-01
3.200000000000001066e+00 2.680035699999999688e-01
3.600000000000001421e+00 1.312999149999999893e-01
4.000000000000000000e+00 6.154979499999999049e-02
4.400000000000000355e+00 2.635569499999999496e-02
4.800000000000000711e+00 1.006969999999999914e-02
5.200000000000001066e+00 3.584214999999999970e-03
5.600000000000001421e+00 1.166489999999999845e-03
6.000000000000000000e+00 2.143549999999999763e-04
6.400000000000002132e+00 9.969999999999999411e-06
6.800000000000000711e+00 0.000000000000000000e+00
7.199999999999999289e+00 0.000000000000000000e+00
7.600000000000001421e+00 0.000000000000000000e+00
8.000000000000000000e+00 0.000000000000000000e+00
8.400000000000002132e+00 0.000000000000000000e+00
8.800000000000000711e+00 0.000000000000000000e+00
9.200000000000002842e+00 0.000000000000000000e+00
9.600000000000001421e+00 0.000000000000000000e+00
