# C_l_exp, dσ/d(C_l_exp) [pb]
-5.000000000000000000e+00 0.000000000000000000e+00
-4.799999999999999822e+00 0.000000000000000000e+00
-4.599999999999999645e+00 0.000000000000000000e+00
-4.400000000000000355e+00 0.000000000000000000e+00
-4.200000000000000178e+00 0.000000000000000000e+00
-4.000000000000000000e+00 0.000000000000000000e+00
-3.799999999999999822e+00 0.000000000000000000e+00
-3.599999999999999645e+00 0.000000000000000000e+00
-3.399999999999999911e+00 0.000000000000000000e+00
-3.200000000000000178e+00 0.000000000000000000e+00
-3.000000000000000000e+00 0.000000000000000000e+00
-2.799999999999999822e+00 0.000000000000000000e+00
-2.599999999999999645e+00 0.000000000000000000e+00
-2.399999999999999911e+00 0.000000000000000000e+00
-2.199999999999999734e+00 0.000000000000000000e+00
-2.000000000000000000e+00 0.000000000000000000e+00
-1.799999999999999822e+00 0.000000000000000000e+00
-1.599999999999999645e+00 0.000000000000000000e+00
-1.399999999999999911e+00 0.000000000000000000e+00
-1.199999999999999734e+00 0.000000000000000000e+00
-1.000000000000000000e+00 0.000000000000000000e+00
-7.999999999999998224e-01 0.000000000000000000e+00
-5.999999999999996447e-01 0.000000000000000000e+00
-3.999999999999994671e-01 0.000000000000000000e+00
-1.999999999999992895e-01 0.000000000000000000e+00
0.000000000000000000e+00 1.696265745999999808e+03
2.000000000000001776e-01 1.304524834999999996e+02
4.000000000000003553e-01 4.965326850000000292e+01
6.000000000000005329e-01 2.591375450000000313e+01
8.000000000000007105e-01 1.624938200000000066e+01
1.000000000000000000e+00 1.037289850000000158e+01
1.200000000000000178e+00 7.511543500000001039e+00
1.400000000000000355e+00 5.306159000000000070e+00
1.600000000000000533e+00 3.460877000000000425e+00
1.800000000000000711e+00 1.313887500000000097e+00
2.000000000000000000e+00 0.000000000000000000e+00
2.200000000000000178e+00 0.000000000000000000e+00
2.400000000000000355e+00 0.000000000000000000e+00
2.600000000000000533e+00 0.000000000000000000e+00
2.800000000000000711e+00 0.000000000000000000e+00
3.000000000000000000e+00 0.000000000000000000e+00
3.200000000000001066e+00 0.000000000000000000e+00
3.400000000000000355e+00 0.000000000000000000e+00
3.599999999999999645e+00 0.000000000000000000e+00
3.800000000000000711e+00 0.000000000000000000e+00
4.000000000000000000e+00 0.000000000000000000e+00
4.200000000000001066e+00 0.000000000000000000e+00
4.400000000000000355e+00 0.000000000000000000e+00
4.600000000000001421e+00 0.000000000000000000e+00
4.800000000000000711e+00 0.000000000000000000e+00
