# M_W^{jj} [GeV]   dσ/dM_W^{jj} [pb/GeV]
1.000000e+00 7.394525e-04
4.580000e+00 1.087430e-03
8.160000e+00 2.283603e-03
1.174000e+01 3.153547e-03
1.532000e+01 4.393218e-03
1.890000e+01 5.176168e-03
2.248000e+01 5.850374e-03
2.606000e+01 8.177475e-03
2.964000e+01 9.743374e-03
3.322000e+01 1.120053e-02
3.680000e+01 1.398435e-02
4.038000e+01 1.850806e-02
4.396000e+01 2.296653e-02
4.754000e+01 2.964335e-02
5.112000e+01 3.853853e-02
5.470000e+01 5.158769e-02
5.828000e+01 7.657683e-02
6.186000e+01 1.193128e-01
6.544000e+01 2.130058e-01
6.902000e+01 4.791217e-01
7.260000e+01 1.890345e+00
7.618000e+01 1.440934e+01
7.976000e+01 3.001699e+00
8.334000e+01 5.867338e-01
8.692000e+01 2.441281e-01
9.050000e+01 1.302306e-01
9.408000e+01 8.116579e-02
9.766000e+01 5.763380e-02
1.012400e+02 3.929973e-02
1.048200e+02 2.833843e-02
1.084000e+02 2.296653e-02
1.119800e+02 1.931276e-02
1.155600e+02 1.557200e-02
1.191400e+02 1.315791e-02
1.227200e+02 1.054807e-02
1.263000e+02 8.677693e-03
1.298800e+02 7.764251e-03
1.334600e+02 6.981302e-03
1.370400e+02 5.698134e-03
1.406200e+02 5.219665e-03
1.442000e+02 4.849939e-03
1.477800e+02 3.697263e-03
1.513600e+02 3.153547e-03
1.549400e+02 2.653330e-03
1.585200e+02 2.631581e-03
1.621000e+02 2.261855e-03
1.656800e+02 2.892564e-03
1.692600e+02 1.739888e-03
1.728400e+02 2.153112e-03
1.764200e+02 1.544151e-03
