# MET [GeV], dσ/d(MET) [pb/GeV]
1.000000000000000000e+00 6.887685082164327803e-05
1.098000000000000043e+01 1.972391150300600892e-04
2.096000000000000085e+01 2.724909482164328506e-04
3.094000000000000128e+01 2.505523556713426612e-04
4.092000000000000171e+01 1.891605318637274422e-04
5.090000000000000568e+01 1.298522388777555105e-04
6.088000000000000256e+01 8.539637034068134640e-05
7.085999999999999943e+01 5.552386549098195978e-05
8.084000000000000341e+01 3.574992761523045694e-05
9.082000000000000739e+01 2.294182412825650927e-05
1.008000000000000114e+02 1.487405747494989761e-05
1.107800000000000011e+02 9.697003927855711675e-06
1.207600000000000051e+02 6.289802324649298049e-06
1.307400000000000091e+02 4.153541002004007733e-06
1.407199999999999989e+02 2.814997515030060067e-06
1.507000000000000171e+02 1.892889779559117975e-06
1.606800000000000068e+02 1.254715511022044109e-06
1.706599999999999966e+02 8.017740280561122393e-07
1.806400000000000148e+02 6.151891783567133949e-07
1.906200000000000045e+02 3.975068537074148489e-07
2.006000000000000227e+02 2.771731462925851548e-07
2.105800000000000125e+02 2.055137474949899660e-07
2.205600000000000023e+02 1.365584769539078096e-07
2.305400000000000205e+02 1.095171943887775377e-07
2.405200000000000102e+02 7.165939879759517557e-08
2.505000000000000000e+02 4.056192384769538802e-08
2.604800000000000182e+02 2.839334669338677161e-08
2.704600000000000364e+02 2.433715430861723281e-08
2.804399999999999977e+02 1.487270541082164227e-08
2.904200000000000159e+02 1.622476953907815521e-08
3.004000000000000341e+02 1.622476953907815521e-08
3.103799999999999955e+02 1.216857715430861641e-08
3.203600000000000136e+02 2.704128256513025868e-09
3.303400000000000318e+02 0.000000000000000000e+00
3.403199999999999932e+02 4.056192384769538802e-09
3.503000000000000114e+02 0.000000000000000000e+00
3.602800000000000296e+02 0.000000000000000000e+00
3.702599999999999909e+02 0.000000000000000000e+00
3.802400000000000091e+02 0.000000000000000000e+00
3.902200000000000273e+02 0.000000000000000000e+00
4.002000000000000455e+02 0.000000000000000000e+00
4.101800000000000068e+02 0.000000000000000000e+00
4.201600000000000250e+02 0.000000000000000000e+00
4.301400000000000432e+02 0.000000000000000000e+00
4.401200000000000045e+02 0.000000000000000000e+00
4.501000000000000227e+02 0.000000000000000000e+00
4.600800000000000409e+02 0.000000000000000000e+00
4.700600000000000023e+02 0.000000000000000000e+00
4.800400000000000205e+02 0.000000000000000000e+00
4.900200000000000387e+02 0.000000000000000000e+00
