# pT [GeV], dσ/dpT [pb/GeV]
0.000000000000000000e+00 3.235247999999999695e-07
1.200000000000000000e+01 3.235697340000000130e-05
2.400000000000000000e+01 1.302861330000000030e-04
3.600000000000000000e+01 2.859947998500000075e-04
4.800000000000000000e+01 2.560496588999999919e-04
6.000000000000000000e+01 1.658952046499999864e-04
7.200000000000000000e+01 1.007307945000000029e-04
8.400000000000000000e+01 6.017448945000000347e-05
9.600000000000000000e+01 3.580678124999999779e-05
1.080000000000000000e+02 2.127287895000000100e-05
1.200000000000000000e+02 1.289381130000000002e-05
1.320000000000000000e+02 8.140917449999998985e-06
1.440000000000000000e+02 4.953973500000000351e-06
1.560000000000000000e+02 3.007207950000000021e-06
1.680000000000000000e+02 1.860267599999999997e-06
1.800000000000000000e+02 1.276125600000000059e-06
1.920000000000000000e+02 7.650013500000000079e-07
2.040000000000000000e+02 5.358379499999999347e-07
2.160000000000000000e+02 3.516085499999999910e-07
2.280000000000000000e+02 2.325334499999999996e-07
2.400000000000000000e+02 1.527755999999999959e-07
2.520000000000000000e+02 9.548474999999999083e-08
2.640000000000000000e+02 7.189440000000000353e-08
2.760000000000000000e+02 4.493399999999999724e-08
2.880000000000000000e+02 2.920710000000000019e-08
3.000000000000000000e+02 2.359035000000000054e-08
3.120000000000000000e+02 1.011014999999999905e-08
3.240000000000000000e+02 4.493400000000000220e-09
3.360000000000000000e+02 3.370050000000000372e-09
3.480000000000000000e+02 4.493400000000000220e-09
3.600000000000000000e+02 0.000000000000000000e+00
3.720000000000000000e+02 0.000000000000000000e+00
3.840000000000000000e+02 1.123350000000000055e-09
3.960000000000000000e+02 0.000000000000000000e+00
4.080000000000000000e+02 0.000000000000000000e+00
4.200000000000000000e+02 0.000000000000000000e+00
4.320000000000000000e+02 0.000000000000000000e+00
4.440000000000000000e+02 0.000000000000000000e+00
4.560000000000000000e+02 0.000000000000000000e+00
4.680000000000000000e+02 0.000000000000000000e+00
4.800000000000000000e+02 0.000000000000000000e+00
4.920000000000000000e+02 0.000000000000000000e+00
5.040000000000000000e+02 0.000000000000000000e+00
5.160000000000000000e+02 0.000000000000000000e+00
5.280000000000000000e+02 0.000000000000000000e+00
5.400000000000000000e+02 0.000000000000000000e+00
5.520000000000000000e+02 0.000000000000000000e+00
5.640000000000000000e+02 0.000000000000000000e+00
5.760000000000000000e+02 0.000000000000000000e+00
5.880000000000000000e+02 0.000000000000000000e+00
