# M_W^{jj} [GeV]   dσ/dM_W^{jj} [pb/GeV]
1.000000e+00 1.169665e-05
4.580000e+00 3.954581e-05
8.160000e+00 6.349609e-05
1.174000e+01 9.134525e-05
1.532000e+01 1.091687e-04
1.890000e+01 1.442587e-04
2.248000e+01 1.821335e-04
2.606000e+01 2.133246e-04
2.964000e+01 2.445156e-04
3.322000e+01 2.762637e-04
3.680000e+01 3.826475e-04
4.038000e+01 4.784486e-04
4.396000e+01 5.731358e-04
4.754000e+01 7.569402e-04
5.112000e+01 1.017051e-03
5.470000e+01 1.394129e-03
5.828000e+01 1.998456e-03
6.186000e+01 3.175361e-03
6.544000e+01 5.531401e-03
6.902000e+01 1.234331e-02
7.260000e+01 4.838625e-02
7.618000e+01 3.687346e-01
7.976000e+01 7.684029e-02
8.334000e+01 1.500903e-02
8.692000e+01 6.195325e-03
9.050000e+01 3.336330e-03
9.408000e+01 2.123220e-03
9.766000e+01 1.391901e-03
1.012400e+02 9.986709e-04
1.048200e+02 7.636240e-04
1.084000e+02 6.165804e-04
1.119800e+02 4.795626e-04
1.155600e+02 3.748497e-04
1.191400e+02 3.403168e-04
1.227200e+02 2.623391e-04
1.263000e+02 2.222363e-04
1.298800e+02 2.005140e-04
1.334600e+02 1.609682e-04
1.370400e+02 1.392458e-04
1.406200e+02 1.147385e-04
1.442000e+02 1.113966e-04
1.477800e+02 1.069408e-04
1.513600e+02 8.800335e-05
1.549400e+02 7.129385e-05
1.585200e+02 7.407877e-05
1.621000e+02 7.240782e-05
1.656800e+02 5.792626e-05
1.692600e+02 5.458436e-05
1.728400e+02 4.901453e-05
1.764200e+02 4.233073e-05
