# Delta R, dσ/d(Delta R) [pb]
0.000000000000000000e+00 9.960799999999998551e-05
2.000000000000000111e-01 6.474519999999998584e-04
4.000000000000000222e-01 9.661975999999998987e-04
6.000000000000000888e-01 1.733179199999999908e-03
8.000000000000000444e-01 2.729259199999999573e-03
1.000000000000000000e+00 4.880792000000000116e-03
1.200000000000000178e+00 7.819227999999999248e-03
1.400000000000000133e+00 1.270001999999999763e-02
1.600000000000000089e+00 2.191376000000000088e-02
1.800000000000000044e+00 3.863794319999999671e-02
2.000000000000000000e+00 7.249470239999999954e-02
2.200000000000000178e+00 1.506670607999999745e-01
2.400000000000000355e+00 3.413566159999999461e-01
2.600000000000000089e+00 8.310295439999999534e-01
2.800000000000000266e+00 1.947276635199999717e+00
3.000000000000000000e+00 2.994206519200000027e+00
3.200000000000000178e+00 1.428677543999999910e+00
3.400000000000000355e+00 7.774005967999999545e-01
3.600000000000000089e+00 4.721817631999999931e-01
3.800000000000000266e+00 3.031469871999999399e-01
4.000000000000000000e+00 1.963672111999999748e-01
4.200000000000000178e+00 1.267810623999999775e-01
4.400000000000000355e+00 8.438789759999998363e-02
4.600000000000000533e+00 5.419671279999999786e-02
4.800000000000000711e+00 3.514170239999999529e-02
5.000000000000000000e+00 2.164481839999999810e-02
5.200000000000000178e+00 1.311837360000000022e-02
5.400000000000000355e+00 8.217659999999998161e-03
5.600000000000000533e+00 4.681575999999998926e-03
5.800000000000000711e+00 2.759141599999999882e-03
6.000000000000000000e+00 1.504080799999999926e-03
6.200000000000000178e+00 7.669816000000000090e-04
6.400000000000000355e+00 4.083927999999999907e-04
6.600000000000000533e+00 9.960799999999998551e-05
6.800000000000000711e+00 7.968639999999999654e-05
7.000000000000000000e+00 3.984319999999999827e-05
7.200000000000000178e+00 3.984319999999999827e-05
7.400000000000000355e+00 0.000000000000000000e+00
7.600000000000000533e+00 0.000000000000000000e+00
7.800000000000000711e+00 0.000000000000000000e+00
8.000000000000000000e+00 0.000000000000000000e+00
8.200000000000001066e+00 0.000000000000000000e+00
8.400000000000000355e+00 0.000000000000000000e+00
8.599999999999999645e+00 0.000000000000000000e+00
8.800000000000000711e+00 0.000000000000000000e+00
9.000000000000000000e+00 0.000000000000000000e+00
9.200000000000001066e+00 0.000000000000000000e+00
9.400000000000000355e+00 0.000000000000000000e+00
9.600000000000001421e+00 0.000000000000000000e+00
9.800000000000000711e+00 0.000000000000000000e+00
