# Delta R, dσ/d(Delta R) [pb]
0.000000000000000000e+00 1.176147449999999936e-04
2.000000000000000111e-01 3.620107709999999669e-04
4.000000000000000222e-01 6.089680349999999562e-04
6.000000000000000888e-01 8.518138379999998884e-04
8.000000000000000444e-01 1.112857910999999912e-03
1.000000000000000000e+00 1.416162410999999982e-03
1.200000000000000178e+00 1.722971762999999995e-03
1.400000000000000133e+00 2.073996170999999576e-03
1.600000000000000089e+00 2.501857718999999855e-03
1.800000000000000044e+00 2.995907048999999715e-03
2.000000000000000000e+00 3.560255621999999700e-03
2.200000000000000178e+00 4.329301031999999681e-03
2.400000000000000355e+00 5.233081040999999940e-03
2.600000000000000089e+00 6.384694526999999849e-03
2.800000000000000266e+00 7.687623258000000036e-03
3.000000000000000000e+00 8.266463045999998885e-03
3.200000000000000178e+00 5.270286392999999625e-03
3.400000000000000355e+00 3.681442619999999739e-03
3.600000000000000089e+00 2.648724498000000049e-03
3.800000000000000266e+00 1.952000360999999818e-03
4.000000000000000000e+00 1.402480007999999971e-03
4.200000000000000178e+00 1.004948909999999916e-03
4.400000000000000355e+00 7.166748329999999678e-04
4.600000000000000533e+00 5.050356929999999739e-04
4.800000000000000711e+00 3.363983909999999694e-04
5.000000000000000000e+00 2.295678059999999704e-04
5.200000000000000178e+00 1.556963099999999892e-04
5.400000000000000355e+00 1.050781590000000008e-04
5.600000000000000533e+00 6.746840099999999534e-05
5.800000000000000711e+00 4.172121899999999483e-05
6.000000000000000000e+00 2.648859299999999659e-05
6.200000000000000178e+00 1.455861599999999858e-05
6.400000000000000355e+00 7.885917000000000005e-06
6.600000000000000533e+00 4.111460999999999496e-06
6.800000000000000711e+00 2.628638999999999719e-06
7.000000000000000000e+00 1.078415999999999934e-06
7.200000000000000178e+00 8.088120000000000033e-07
7.400000000000000355e+00 3.370049999999999396e-07
7.600000000000000533e+00 0.000000000000000000e+00
7.800000000000000711e+00 0.000000000000000000e+00
8.000000000000000000e+00 0.000000000000000000e+00
8.200000000000001066e+00 0.000000000000000000e+00
8.400000000000000355e+00 0.000000000000000000e+00
8.599999999999999645e+00 0.000000000000000000e+00
8.800000000000000711e+00 0.000000000000000000e+00
9.000000000000000000e+00 0.000000000000000000e+00
9.200000000000001066e+00 0.000000000000000000e+00
9.400000000000000355e+00 0.000000000000000000e+00
9.600000000000001421e+00 0.000000000000000000e+00
9.800000000000000711e+00 0.000000000000000000e+00
