# Δη_jj, dσ/d(Δη_jj) [pb]
0.000000000000000000e+00 1.891827439999999694e+00
1.000000000000000056e-01 1.919623799999999880e+00
2.000000000000000111e-01 2.025385559999999696e+00
3.000000000000000444e-01 2.279560739999999530e+00
4.000000000000000222e-01 2.470266899999999932e+00
5.000000000000000000e-01 2.236869199999999669e+00
6.000000000000000888e-01 1.780861339999999737e+00
7.000000000000000666e-01 1.340247159999999882e+00
8.000000000000000444e-01 9.968005999999999256e-01
9.000000000000000222e-01 7.391957399999999900e-01
1.000000000000000000e+00 5.616100999999998900e-01
1.100000000000000089e+00 4.196173599999999948e-01
1.200000000000000178e+00 3.171257599999999788e-01
1.300000000000000044e+00 2.378044399999999781e-01
1.400000000000000133e+00 1.817730399999999691e-01
1.500000000000000000e+00 1.352729599999999976e-01
1.600000000000000089e+00 1.027906999999999849e-01
1.700000000000000178e+00 7.812492000000000048e-02
1.800000000000000044e+00 5.780605999999999245e-02
1.900000000000000133e+00 4.372841999999999701e-02
2.000000000000000000e+00 3.218315999999999538e-02
2.100000000000000089e+00 2.438661999999999774e-02
2.200000000000000178e+00 1.838467999999999700e-02
2.300000000000000266e+00 1.397793999999999946e-02
2.400000000000000355e+00 9.870299999999998519e-03
2.500000000000000000e+00 7.278099999999999153e-03
2.600000000000000089e+00 4.865359999999999130e-03
2.700000000000000178e+00 3.688899999999999731e-03
2.800000000000000266e+00 2.193399999999999864e-03
2.900000000000000355e+00 1.934179999999999970e-03
3.000000000000000000e+00 1.355919999999999825e-03
3.100000000000000089e+00 9.969999999999998395e-04
3.200000000000000178e+00 9.969999999999998395e-04
3.300000000000000266e+00 4.187399999999999651e-04
3.400000000000000355e+00 3.589199999999999856e-04
3.500000000000000000e+00 4.386799999999999402e-04
3.600000000000000089e+00 7.975999999999999529e-05
3.700000000000000178e+00 1.196399999999999862e-04
3.800000000000000266e+00 3.987999999999999764e-05
3.900000000000000355e+00 9.969999999999998395e-05
4.000000000000000000e+00 0.000000000000000000e+00
4.100000000000000533e+00 1.993999999999999882e-05
4.200000000000000178e+00 1.993999999999999882e-05
4.299999999999999822e+00 0.000000000000000000e+00
4.400000000000000355e+00 0.000000000000000000e+00
4.500000000000000000e+00 0.000000000000000000e+00
4.600000000000000533e+00 0.000000000000000000e+00
4.700000000000000178e+00 0.000000000000000000e+00
4.800000000000000711e+00 0.000000000000000000e+00
4.900000000000000355e+00 0.000000000000000000e+00
