# pT [GeV], dσ/dpT [pb/GeV]
0.000000000000000000e+00 3.433049999999999365e-07
1.200000000000000000e+01 7.552709999999999047e-05
2.400000000000000000e+01 5.537509649999999275e-04
3.600000000000000000e+01 2.569981229999999776e-03
4.800000000000000000e+01 4.663283467499999488e-03
6.000000000000000000e+01 6.331745767499999920e-03
7.200000000000000000e+01 7.880566274999998774e-03
8.400000000000000000e+01 9.294124612499997731e-03
9.600000000000000000e+01 1.039853679749999822e-02
1.080000000000000000e+02 1.130915330999999850e-02
1.200000000000000000e+02 1.196417924999999827e-02
1.320000000000000000e+02 1.212759242999999869e-02
1.440000000000000000e+02 1.194890217749999817e-02
1.560000000000000000e+02 1.156955015249999837e-02
1.680000000000000000e+02 1.087916379749999905e-02
1.800000000000000000e+02 9.983137747499998965e-03
1.920000000000000000e+02 8.932452794999998572e-03
2.040000000000000000e+02 7.796113244999998936e-03
2.160000000000000000e+02 6.659087084999998525e-03
2.280000000000000000e+02 5.639127929999998741e-03
2.400000000000000000e+02 4.686628207499998928e-03
2.520000000000000000e+02 3.756614962499999540e-03
2.640000000000000000e+02 3.066228607499999360e-03
2.760000000000000000e+02 2.425621477499999810e-03
2.880000000000000000e+02 1.900193174999999625e-03
3.000000000000000000e+02 1.470718619999999673e-03
3.120000000000000000e+02 1.115741249999999823e-03
3.240000000000000000e+02 8.122596299999998307e-04
3.360000000000000000e+02 5.873948549999999250e-04
3.480000000000000000e+02 4.202053199999999608e-04
3.600000000000000000e+02 2.964438674999999700e-04
3.720000000000000000e+02 1.989452474999999735e-04
3.840000000000000000e+02 1.356054749999999860e-04
3.960000000000000000e+02 8.239319999999999576e-05
4.080000000000000000e+02 5.372723249999999500e-05
4.200000000000000000e+02 3.106910249999999380e-05
4.320000000000000000e+02 1.750855499999999724e-05
4.440000000000000000e+02 8.925929999999999089e-06
4.560000000000000000e+02 5.836184999999999079e-06
4.680000000000000000e+02 2.574787499999999868e-06
4.800000000000000000e+02 1.201567499999999910e-06
4.920000000000000000e+02 1.716524999999999682e-07
5.040000000000000000e+02 1.716524999999999682e-07
5.160000000000000000e+02 0.000000000000000000e+00
5.280000000000000000e+02 0.000000000000000000e+00
5.400000000000000000e+02 0.000000000000000000e+00
5.520000000000000000e+02 0.000000000000000000e+00
5.640000000000000000e+02 0.000000000000000000e+00
5.760000000000000000e+02 0.000000000000000000e+00
5.880000000000000000e+02 0.000000000000000000e+00
