# M_W^{jj} [GeV]   dσ/dM_W^{jj} [pb/GeV]
1.000000e+00 2.005140e-05
4.580000e+00 3.007709e-05
8.160000e+00 6.126816e-05
1.174000e+01 8.076257e-05
1.532000e+01 9.691508e-05
1.890000e+01 1.331190e-04
2.248000e+01 1.570693e-04
2.606000e+01 1.971721e-04
2.964000e+01 2.545413e-04
3.322000e+01 2.846184e-04
3.680000e+01 3.614821e-04
4.038000e+01 4.873603e-04
4.396000e+01 6.154665e-04
4.754000e+01 7.597251e-04
5.112000e+01 1.033761e-03
5.470000e+01 1.350127e-03
5.828000e+01 2.002355e-03
6.186000e+01 3.111865e-03
6.544000e+01 5.493526e-03
6.902000e+01 1.230487e-02
7.260000e+01 4.844083e-02
7.618000e+01 3.688137e-01
7.976000e+01 7.682414e-02
8.334000e+01 1.508923e-02
8.692000e+01 6.150209e-03
9.050000e+01 3.380888e-03
9.408000e+01 2.149398e-03
9.766000e+01 1.386888e-03
1.012400e+02 1.019836e-03
1.048200e+02 7.853464e-04
1.084000e+02 5.781486e-04
1.119800e+02 4.700939e-04
1.155600e+02 3.976860e-04
1.191400e+02 3.052268e-04
1.227200e+02 2.662380e-04
1.263000e+02 2.383888e-04
1.298800e+02 1.960581e-04
1.334600e+02 1.604112e-04
1.370400e+02 1.403598e-04
1.406200e+02 1.303341e-04
1.442000e+02 1.119536e-04
1.477800e+02 8.800335e-05
1.513600e+02 9.023128e-05
1.549400e+02 7.519274e-05
1.585200e+02 7.574972e-05
1.621000e+02 7.185084e-05
1.656800e+02 5.235642e-05
1.692600e+02 4.400168e-05
1.728400e+02 5.402737e-05
1.764200e+02 4.121676e-05
