# pT [GeV], dσ/dpT [pb/GeV]
0.000000000000000000e+00 0.000000000000000000e+00
1.000000000000000000e+01 1.920119687999999824e-04
2.000000000000000000e+01 2.785548528000000271e-04
3.000000000000000000e+01 2.624365776600000267e-04
4.000000000000000000e+01 2.018983474799999846e-04
5.000000000000000000e+01 1.402790052599999990e-04
6.000000000000000000e+01 9.344609442000000271e-05
7.000000000000000000e+01 6.119606393999999763e-05
8.000000000000000000e+01 3.990139200000000200e-05
9.000000000000000000e+01 2.603431026000000198e-05
1.000000000000000000e+02 1.707806537999999937e-05
1.100000000000000000e+02 1.128157937999999986e-05
1.200000000000000000e+02 7.628445180000000508e-06
1.300000000000000000e+02 5.020026480000000559e-06
1.400000000000000000e+02 3.388922280000000212e-06
1.500000000000000000e+02 2.345554799999999978e-06
1.600000000000000000e+02 1.620320040000000032e-06
1.700000000000000000e+02 1.192997699999999970e-06
1.800000000000000000e+02 8.169001199999999747e-07
1.900000000000000000e+02 5.338159200000000212e-07
2.000000000000000000e+02 4.017099600000000288e-07
2.100000000000000000e+02 2.682559799999999706e-07
2.200000000000000000e+02 1.941148800000000029e-07
2.300000000000000000e+02 1.348019999999999917e-07
2.400000000000000000e+02 1.064935799999999990e-07
2.500000000000000000e+02 6.066089999999999760e-08
2.600000000000000000e+02 5.257277999999999307e-08
2.700000000000000000e+02 4.448466000000000177e-08
2.800000000000000000e+02 3.100445999999999863e-08
2.900000000000000000e+02 1.887228000000000175e-08
3.000000000000000000e+02 1.348019999999999983e-08
3.100000000000000000e+02 1.213218000000000018e-08
3.200000000000000000e+02 5.392080000000000264e-09
3.300000000000000000e+02 4.044060000000000612e-09
3.400000000000000000e+02 4.044060000000000612e-09
3.500000000000000000e+02 0.000000000000000000e+00
3.600000000000000000e+02 1.348020000000000066e-09
3.700000000000000000e+02 1.348020000000000066e-09
3.800000000000000000e+02 0.000000000000000000e+00
3.900000000000000000e+02 0.000000000000000000e+00
4.000000000000000000e+02 0.000000000000000000e+00
4.100000000000000000e+02 0.000000000000000000e+00
4.200000000000000000e+02 0.000000000000000000e+00
4.300000000000000000e+02 0.000000000000000000e+00
4.400000000000000000e+02 0.000000000000000000e+00
4.500000000000000000e+02 0.000000000000000000e+00
4.600000000000000000e+02 0.000000000000000000e+00
4.700000000000000000e+02 0.000000000000000000e+00
4.800000000000000000e+02 0.000000000000000000e+00
4.900000000000000000e+02 0.000000000000000000e+00
