# C_l, dσ/d(C_l) [pb]
-5.000000000000000000e+00 1.847724352500000000e+00
-4.799999999999999822e+00 2.074357771499999892e+00
-4.599999999999999645e+00 2.195073166499999839e+00
-4.400000000000000355e+00 2.471160956999999936e+00
-4.200000000000000178e+00 2.800986568499999940e+00
-4.000000000000000000e+00 3.139379078999999795e+00
-3.799999999999999822e+00 3.588751872000000009e+00
-3.599999999999999645e+00 3.988670293499999797e+00
-3.399999999999999911e+00 4.385473478999999841e+00
-3.200000000000000178e+00 5.026043881499999699e+00
-3.000000000000000000e+00 5.635851328499999369e+00
-2.799999999999999822e+00 6.168556684500000387e+00
-2.599999999999999645e+00 6.758115097500000168e+00
-2.399999999999999911e+00 7.172052080999999468e+00
-2.199999999999999734e+00 7.659197110500000072e+00
-2.000000000000000000e+00 8.191902466500000202e+00
-1.799999999999999822e+00 8.442289559999998971e+00
-1.599999999999999645e+00 8.666197147500000142e+00
-1.399999999999999911e+00 8.929823993999999487e+00
-1.199999999999999734e+00 9.071956636499999505e+00
-1.000000000000000000e+00 9.048981770999999341e+00
-7.999999999999998224e-01 9.054044029499999979e+00
-5.999999999999996447e-01 9.127641479999999419e+00
-3.999999999999994671e-01 9.063389737499999654e+00
-1.999999999999992895e-01 9.001474421999999365e+00
0.000000000000000000e+00 9.047424152999999691e+00
2.000000000000001776e-01 9.051318197999998816e+00
4.000000000000003553e-01 9.095710310999999493e+00
6.000000000000005329e-01 9.093763288499999931e+00
8.000000000000007105e-01 9.039246658499999754e+00
1.000000000000000000e+00 8.997580377000000240e+00
1.200000000000000178e+00 8.879980218000000036e+00
1.400000000000000355e+00 8.808719194500000071e+00
1.600000000000000533e+00 8.372586154500000433e+00
1.800000000000000711e+00 8.107401689999999661e+00
2.000000000000000000e+00 7.787311190999999688e+00
2.200000000000000178e+00 7.220727643500000070e+00
2.400000000000000355e+00 6.779921749499999706e+00
2.600000000000000533e+00 6.161157998999999386e+00
2.800000000000000711e+00 5.494108090500000152e+00
3.000000000000000000e+00 5.012804128500000012e+00
3.200000000000001066e+00 4.482045795000000332e+00
3.400000000000000355e+00 3.989838506999999979e+00
3.599999999999999645e+00 3.489453724500000131e+00
3.800000000000000711e+00 3.135874438499999695e+00
4.000000000000000000e+00 2.778401107499999689e+00
4.200000000000001066e+00 2.478949046999999961e+00
4.400000000000000355e+00 2.225446717500000116e+00
4.600000000000001421e+00 2.035027916999999853e+00
4.800000000000000711e+00 1.797101767500000058e+00
