# Delta R, dσ/d(Delta R) [pb]
0.000000000000000000e+00 7.009281000000000018e-03
2.000000000000000111e-01 2.102784299999999745e-02
4.000000000000000222e-01 3.660402299999999942e-02
6.000000000000000888e-01 6.658816950000000234e-02
8.000000000000000444e-01 1.094226644999999887e-01
1.000000000000000000e+00 1.654969125000000096e-01
1.200000000000000178e+00 2.975050379999999994e-01
1.400000000000000133e+00 4.851980070000000422e-01
1.600000000000000089e+00 8.718766754999999202e-01
1.800000000000000044e+00 1.512057673499999755e+00
2.000000000000000000e+00 2.832917737500000310e+00
2.200000000000000178e+00 5.954773613999999604e+00
2.400000000000000355e+00 1.325844441599999790e+01
2.600000000000000089e+00 3.267765742649999794e+01
2.800000000000000266e+00 7.660443204899999614e+01
3.000000000000000000e+00 1.168918322144999848e+02
3.200000000000000178e+00 5.575960916399999689e+01
3.400000000000000355e+00 3.019364612099999690e+01
3.600000000000000089e+00 1.839468977099999947e+01
3.800000000000000266e+00 1.182816168749999974e+01
4.000000000000000000e+00 7.706704459500000048e+00
4.200000000000000178e+00 4.918957643999999796e+00
4.400000000000000355e+00 3.253474597499999899e+00
4.600000000000000533e+00 2.106288940499999818e+00
4.800000000000000711e+00 1.339162075499999993e+00
5.000000000000000000e+00 8.348832479999999112e-01
5.200000000000000178e+00 5.436086820000000097e-01
5.400000000000000355e+00 3.368348925000000382e-01
5.600000000000000533e+00 1.775684519999999877e-01
5.800000000000000711e+00 1.031921925000000018e-01
6.000000000000000000e+00 5.529543900000000178e-02
6.200000000000000178e+00 2.998414649999999945e-02
6.400000000000000355e+00 1.557617999999999850e-02
6.600000000000000533e+00 5.062258499999999772e-03
6.800000000000000711e+00 5.451662999999999822e-03
7.000000000000000000e+00 2.336426999999999862e-03
7.200000000000000178e+00 3.894044999999999950e-04
7.400000000000000355e+00 3.894044999999999950e-04
7.600000000000000533e+00 0.000000000000000000e+00
7.800000000000000711e+00 3.894044999999999950e-04
8.000000000000000000e+00 0.000000000000000000e+00
8.200000000000001066e+00 0.000000000000000000e+00
8.400000000000000355e+00 0.000000000000000000e+00
8.599999999999999645e+00 0.000000000000000000e+00
8.800000000000000711e+00 0.000000000000000000e+00
9.000000000000000000e+00 0.000000000000000000e+00
9.200000000000001066e+00 0.000000000000000000e+00
9.400000000000000355e+00 0.000000000000000000e+00
9.600000000000001421e+00 0.000000000000000000e+00
9.800000000000000711e+00 0.000000000000000000e+00
