# C_l, dσ/d(C_l) [pb]
-5.000000000000000000e+00 4.574235999999999580e-02
-4.799999999999999822e+00 5.147510999999999060e-02
-4.599999999999999645e+00 5.871332999999999414e-02
-4.400000000000000355e+00 6.353880999999998724e-02
-4.200000000000000178e+00 7.109606999999999732e-02
-4.000000000000000000e+00 7.924155999999998867e-02
-3.799999999999999822e+00 9.173396999999999801e-02
-3.599999999999999645e+00 1.007966999999999891e-01
-3.399999999999999911e+00 1.153329599999999983e-01
-3.200000000000000178e+00 1.292111999999999983e-01
-3.000000000000000000e+00 1.449438599999999799e-01
-2.799999999999999822e+00 1.605369399999999891e-01
-2.599999999999999645e+00 1.737272499999999720e-01
-2.399999999999999911e+00 1.839863799999999772e-01
-2.199999999999999734e+00 1.993401799999999779e-01
-2.000000000000000000e+00 2.064388199999999673e-01
-1.799999999999999822e+00 2.165683399999999981e-01
-1.599999999999999645e+00 2.217327999999999799e-01
-1.399999999999999911e+00 2.262192999999999843e-01
-1.199999999999999734e+00 2.295891599999999866e-01
-1.000000000000000000e+00 2.312042999999999737e-01
-7.999999999999998224e-01 2.324106699999999581e-01
-5.999999999999996447e-01 2.335472499999999840e-01
-3.999999999999994671e-01 2.329590199999999889e-01
-1.999999999999992895e-01 2.306559499999999707e-01
0.000000000000000000e+00 2.330786599999999931e-01
2.000000000000001776e-01 2.291105999999999698e-01
4.000000000000003553e-01 2.311145699999999636e-01
6.000000000000005329e-01 2.301873599999999798e-01
8.000000000000007105e-01 2.327496499999999746e-01
1.000000000000000000e+00 2.324704899999999741e-01
1.200000000000000178e+00 2.242053599999999647e-01
1.400000000000000355e+00 2.235971900000000012e-01
1.600000000000000533e+00 2.148535000000000028e-01
1.800000000000000711e+00 2.108654999999999835e-01
2.000000000000000000e+00 2.001876299999999775e-01
2.200000000000000178e+00 1.852924499999999974e-01
2.400000000000000355e+00 1.720522899999999689e-01
2.600000000000000533e+00 1.588420399999999899e-01
2.800000000000000711e+00 1.431392899999999746e-01
3.000000000000000000e+00 1.262800199999999928e-01
3.200000000000001066e+00 1.146051499999999890e-01
3.400000000000000355e+00 1.016740599999999828e-01
3.599999999999999645e+00 9.048771999999999371e-02
3.800000000000000711e+00 7.942101999999999495e-02
4.000000000000000000e+00 7.138519999999999588e-02
4.200000000000001066e+00 6.406721999999999417e-02
4.400000000000000355e+00 5.726767999999998748e-02
4.600000000000001421e+00 5.138537999999999439e-02
4.800000000000000711e+00 4.752698999999999813e-02
