# C_l, dσ/d(C_l) [pb]
-5.000000000000000000e+00 1.819826999999999881e-04
-4.799999999999999822e+00 1.979567369999999825e-04
-4.599999999999999645e+00 2.177052300000000061e-04
-4.400000000000000355e+00 2.255237459999999894e-04
-4.200000000000000178e+00 2.585502359999999476e-04
-4.000000000000000000e+00 2.940705629999999814e-04
-3.799999999999999822e+00 3.239966069999999660e-04
-3.599999999999999645e+00 3.579667110000000129e-04
-3.399999999999999911e+00 4.082478570000000278e-04
-3.200000000000000178e+00 4.585964039999999831e-04
-3.000000000000000000e+00 5.238405719999999089e-04
-2.799999999999999822e+00 6.120010799999999352e-04
-2.599999999999999645e+00 7.139787929999998539e-04
-2.399999999999999911e+00 8.607107699999999497e-04
-2.199999999999999734e+00 9.944343539999998729e-04
-2.000000000000000000e+00 1.185381386999999863e-03
-1.799999999999999822e+00 1.414140380999999707e-03
-1.599999999999999645e+00 1.648628459999999969e-03
-1.399999999999999911e+00 1.944249245999999992e-03
-1.199999999999999734e+00 2.211089805000000102e-03
-1.000000000000000000e+00 2.487501305999999680e-03
-7.999999999999998224e-01 2.721854582999999519e-03
-5.999999999999996447e-01 2.921698547999999895e-03
-3.999999999999994671e-01 3.092829686999999921e-03
-1.999999999999992895e-01 3.150659745000000157e-03
0.000000000000000000e+00 3.186449675999999953e-03
2.000000000000001776e-01 3.071530970999999423e-03
4.000000000000003553e-01 2.940233822999999743e-03
6.000000000000005329e-01 2.722932998999999868e-03
8.000000000000007105e-01 2.503879748999999696e-03
1.000000000000000000e+00 2.207921957999999917e-03
1.200000000000000178e+00 1.921063301999999858e-03
1.400000000000000355e+00 1.679632919999999923e-03
1.600000000000000533e+00 1.401738596999999812e-03
1.800000000000000711e+00 1.186055397000000027e-03
2.000000000000000000e+00 9.951757650000000316e-04
2.200000000000000178e+00 8.322675480000000115e-04
2.400000000000000355e+00 7.052840639999998851e-04
2.600000000000000533e+00 6.004755089999999716e-04
2.800000000000000711e+00 5.293674540000000176e-04
3.000000000000000000e+00 4.591356119999999408e-04
3.200000000000001066e+00 3.997553309999999889e-04
3.400000000000000355e+00 3.616737659999999933e-04
3.599999999999999645e+00 3.199525469999999578e-04
3.800000000000000711e+00 2.899591019999999786e-04
4.000000000000000000e+00 2.581458299999999794e-04
4.200000000000001066e+00 2.352968910000000091e-04
4.400000000000000355e+00 2.173682249999999783e-04
4.600000000000001421e+00 1.929690629999999941e-04
4.800000000000000711e+00 1.819152989999999934e-04
