# eta, dσ/deta [pb]
-1.000000000000000000e+01 0.000000000000000000e+00
-9.599999999999999645e+00 0.000000000000000000e+00
-9.199999999999999289e+00 0.000000000000000000e+00
-8.800000000000000711e+00 0.000000000000000000e+00
-8.400000000000000355e+00 0.000000000000000000e+00
-8.000000000000000000e+00 0.000000000000000000e+00
-7.599999999999999645e+00 0.000000000000000000e+00
-7.199999999999999289e+00 0.000000000000000000e+00
-6.799999999999999822e+00 0.000000000000000000e+00
-6.400000000000000355e+00 0.000000000000000000e+00
-6.000000000000000000e+00 0.000000000000000000e+00
-5.599999999999999645e+00 0.000000000000000000e+00
-5.199999999999999289e+00 0.000000000000000000e+00
-4.799999999999999822e+00 0.000000000000000000e+00
-4.399999999999999467e+00 0.000000000000000000e+00
-4.000000000000000000e+00 0.000000000000000000e+00
-3.599999999999999645e+00 0.000000000000000000e+00
-3.199999999999999289e+00 0.000000000000000000e+00
-2.799999999999999822e+00 0.000000000000000000e+00
-2.399999999999999467e+00 2.059829999999999555e-05
-2.000000000000000000e+00 4.531625999999999428e-04
-1.599999999999999645e+00 2.116475324999999609e-03
-1.199999999999999289e+00 6.957075824999998936e-03
-7.999999999999989342e-01 1.921821389999999602e-02
-3.999999999999985789e-01 4.543470022499999234e-02
0.000000000000000000e+00 1.026413288999999673e-01
4.000000000000003553e-01 2.104476815249999577e-01
8.000000000000007105e-01 4.015072131749998774e-01
1.200000000000001066e+00 6.672767789249998138e-01
1.600000000000001421e+00 9.099916973999997438e-01
2.000000000000000000e+00 9.664258898249997731e-01
2.400000000000000355e+00 7.870455942749998712e-01
2.800000000000000711e+00 5.099933096999998972e-01
3.200000000000001066e+00 2.765012800499999646e-01
3.600000000000001421e+00 1.371486309749999633e-01
4.000000000000000000e+00 6.275272094999999328e-02
4.400000000000000355e+00 2.737514069999999466e-02
4.800000000000000711e+00 1.104583837499999686e-02
5.200000000000001066e+00 3.857031674999999386e-03
5.600000000000001421e+00 1.153504799999999914e-03
6.000000000000000000e+00 2.008334249999999617e-04
6.400000000000002132e+00 1.029914999999999778e-05
6.800000000000000711e+00 0.000000000000000000e+00
7.199999999999999289e+00 0.000000000000000000e+00
7.600000000000001421e+00 0.000000000000000000e+00
8.000000000000000000e+00 0.000000000000000000e+00
8.400000000000002132e+00 0.000000000000000000e+00
8.800000000000000711e+00 0.000000000000000000e+00
9.200000000000002842e+00 0.000000000000000000e+00
9.600000000000001421e+00 0.000000000000000000e+00
