# C_j, dσ/d(C_j) [pb]
0.000000000000000000e+00 1.233114250000000023e-01
1.199999999999999956e-01 2.141724750000000288e-01
2.399999999999999911e-01 3.874574775000000360e-01
3.599999999999999867e-01 6.243452149999999534e-01
4.799999999999999822e-01 1.070862375000000144e+00
5.999999999999999778e-01 1.534902737499999947e+00
7.199999999999999734e-01 2.148214825000000161e+00
8.399999999999999689e-01 2.886136352500000335e+00
9.599999999999999645e-01 3.812270054999999935e+00
1.080000000000000071e+00 4.961013330000000110e+00
1.199999999999999956e+00 6.292127712500000136e+00
1.319999999999999840e+00 7.860129832500001079e+00
1.439999999999999947e+00 9.781192032500001687e+00
1.560000000000000053e+00 1.204493019250000074e+01
1.679999999999999938e+00 1.435734391500000129e+01
1.799999999999999822e+00 1.728566575500000368e+01
1.919999999999999929e+00 2.040090175499999958e+01
2.040000000000000036e+00 2.389061508250000188e+01
2.160000000000000142e+00 2.708892404250000041e+01
2.279999999999999805e+00 3.010940494749999985e+01
2.399999999999999911e+00 3.315584615250000411e+01
2.520000000000000018e+00 3.528199472250000213e+01
2.639999999999999680e+00 3.718748074250000002e+01
2.759999999999999787e+00 3.773719009500000254e+01
2.879999999999999893e+00 3.736141475250000354e+01
3.000000000000000000e+00 3.633338687250000021e+01
3.120000000000000107e+00 3.431756957750000225e+01
3.239999999999999769e+00 3.175658598250000253e+01
3.359999999999999876e+00 2.914822484000000102e+01
3.479999999999999982e+00 2.592330657250000314e+01
3.599999999999999645e+00 2.279054736999999875e+01
3.719999999999999751e+00 1.932160228250000245e+01
3.839999999999999858e+00 1.663211520250000319e+01
3.959999999999999964e+00 1.393419102500000051e+01
4.080000000000000071e+00 1.169576415750000109e+01
4.200000000000000178e+00 9.545602310000001367e+00
4.320000000000000284e+00 7.769268782500001080e+00
4.439999999999999503e+00 6.143504995000000690e+00
4.559999999999999609e+00 5.080430709999999905e+00
4.679999999999999716e+00 3.895343015000000353e+00
4.799999999999999822e+00 2.962719237499999991e+00
4.919999999999999929e+00 2.010625235000000455e+00
5.040000000000000036e+00 1.230518219999999996e+00
5.160000000000000142e+00 5.737226300000000112e-01
5.279999999999999361e+00 2.414307900000000062e-01
5.399999999999999467e+00 8.501998250000000756e-02
5.519999999999999574e+00 1.427816500000000065e-02
5.639999999999999680e+00 1.298015000000000019e-03
5.759999999999999787e+00 1.947022500000000246e-03
5.879999999999999893e+00 6.490075000000000097e-04
