# eta, dσ/deta [pb]
-1.000000000000000000e+01 0.000000000000000000e+00
-9.599999999999999645e+00 0.000000000000000000e+00
-9.199999999999999289e+00 0.000000000000000000e+00
-8.800000000000000711e+00 0.000000000000000000e+00
-8.400000000000000355e+00 0.000000000000000000e+00
-8.000000000000000000e+00 0.000000000000000000e+00
-7.599999999999999645e+00 0.000000000000000000e+00
-7.199999999999999289e+00 0.000000000000000000e+00
-6.799999999999999822e+00 0.000000000000000000e+00
-6.400000000000000355e+00 0.000000000000000000e+00
-6.000000000000000000e+00 0.000000000000000000e+00
-5.599999999999999645e+00 0.000000000000000000e+00
-5.199999999999999289e+00 0.000000000000000000e+00
-4.799999999999999822e+00 0.000000000000000000e+00
-4.399999999999999467e+00 0.000000000000000000e+00
-4.000000000000000000e+00 0.000000000000000000e+00
-3.599999999999999645e+00 0.000000000000000000e+00
-3.199999999999999289e+00 0.000000000000000000e+00
-2.799999999999999822e+00 0.000000000000000000e+00
-2.399999999999999467e+00 0.000000000000000000e+00
-2.000000000000000000e+00 6.741800000000000190e-08
-1.599999999999999645e+00 1.820285999999999998e-06
-1.199999999999999289e+00 9.539646999999999502e-06
-7.999999999999989342e-01 3.866422299999999778e-05
-3.999999999999985789e-01 1.139027109999999997e-04
0.000000000000000000e+00 2.733462809999999562e-04
4.000000000000003553e-01 5.635807710000000038e-04
8.000000000000007105e-01 1.011775634999999979e-03
1.200000000000001066e+00 1.637380965999999955e-03
1.600000000000001421e+00 2.385316258000000009e-03
2.000000000000000000e+00 3.144510355999999545e-03
2.400000000000000355e+00 3.810970994999999823e-03
2.800000000000000711e+00 4.197343552999999172e-03
3.200000000000001066e+00 4.239041586000000077e-03
3.600000000000001421e+00 3.923559054999999421e-03
4.000000000000000000e+00 3.225985008999999754e-03
4.400000000000000355e+00 2.339943943999999842e-03
4.800000000000000711e+00 1.464082996999999933e-03
5.200000000000001066e+00 7.874085310000000131e-04
5.600000000000001421e+00 3.577199079999999988e-04
6.000000000000000000e+00 1.409710379999999999e-04
6.400000000000002132e+00 3.825971499999999661e-05
6.800000000000000711e+00 3.809116999999999922e-06
7.199999999999999289e+00 0.000000000000000000e+00
7.600000000000001421e+00 0.000000000000000000e+00
8.000000000000000000e+00 0.000000000000000000e+00
8.400000000000002132e+00 0.000000000000000000e+00
8.800000000000000711e+00 0.000000000000000000e+00
9.200000000000002842e+00 0.000000000000000000e+00
9.600000000000001421e+00 0.000000000000000000e+00
