# C_l, dσ/d(C_l) [pb]
-4.000000000000000000e+00 0.000000000000000000e+00
-3.839999999999999858e+00 0.000000000000000000e+00
-3.680000000000000160e+00 0.000000000000000000e+00
-3.520000000000000018e+00 0.000000000000000000e+00
-3.359999999999999876e+00 0.000000000000000000e+00
-3.200000000000000178e+00 0.000000000000000000e+00
-3.040000000000000036e+00 0.000000000000000000e+00
-2.879999999999999893e+00 0.000000000000000000e+00
-2.719999999999999751e+00 0.000000000000000000e+00
-2.560000000000000053e+00 0.000000000000000000e+00
-2.399999999999999911e+00 0.000000000000000000e+00
-2.240000000000000213e+00 0.000000000000000000e+00
-2.080000000000000071e+00 0.000000000000000000e+00
-1.919999999999999929e+00 0.000000000000000000e+00
-1.759999999999999787e+00 0.000000000000000000e+00
-1.600000000000000089e+00 1.252631250000000048e-07
-1.439999999999999947e+00 1.252631250000000154e-06
-1.279999999999999805e+00 3.883156874999999886e-06
-1.120000000000000107e+00 8.768418750000000233e-06
-9.599999999999999645e-01 1.991683687500000051e-05
-7.999999999999998224e-01 2.893578187499999958e-05
-6.400000000000001243e-01 5.448945937499999359e-05
-4.799999999999999822e-01 7.929155812500000291e-05
-3.199999999999998401e-01 1.201273368750000061e-04
-1.600000000000001421e-01 1.713599550000000028e-04
0.000000000000000000e+00 2.482715137500000023e-04
1.600000000000001421e-01 3.435967518750000262e-04
3.200000000000002842e-01 4.795072425000000086e-04
4.800000000000004263e-01 6.428503575000000213e-04
6.399999999999996803e-01 8.451503043750000551e-04
7.999999999999998224e-01 1.123986020624999967e-03
9.599999999999999645e-01 1.401318579374999937e-03
1.120000000000000107e+00 1.772473218749999989e-03
1.280000000000000249e+00 2.199119422500000077e-03
1.440000000000000391e+00 2.724848758125000044e-03
1.600000000000000533e+00 3.268114931250000205e-03
1.759999999999999787e+00 3.849586357499999983e-03
1.919999999999999929e+00 4.558700908125000277e-03
2.080000000000000071e+00 5.271949141875000196e-03
2.240000000000000213e+00 5.923818444375000304e-03
2.400000000000000355e+00 6.520321445625000371e-03
2.560000000000000497e+00 7.035528678749999876e-03
2.719999999999999751e+00 7.359584383125001086e-03
2.879999999999999893e+00 7.467811723124999530e-03
3.040000000000000036e+00 7.309980185625000390e-03
3.200000000000000178e+00 7.005089739375000395e-03
3.360000000000000320e+00 6.545123544375000720e-03
3.520000000000000462e+00 6.085282612499999522e-03
3.679999999999999716e+00 5.533122757499999919e-03
3.839999999999999858e+00 4.977956587500000432e-03
