# C_j, dσ/d(C_j) [pb]
0.000000000000000000e+00 1.235996666666666684e-05
1.199999999999999956e-01 2.078721666666666649e-05
2.399999999999999911e-01 4.988931999999999823e-05
3.599999999999999867e-01 9.550883333333333620e-05
4.799999999999999822e-01 1.648370099999999948e-04
5.999999999999999778e-01 2.528175000000000235e-04
7.199999999999999734e-01 3.909120366666667058e-04
8.399999999999999689e-01 5.267593066666666863e-04
9.599999999999999645e-01 7.131700766666667799e-04
1.080000000000000071e+00 9.264356833333333612e-04
1.199999999999999956e+00 1.174309196666666793e-03
1.319999999999999840e+00 1.411620556666666687e-03
1.439999999999999947e+00 1.651291546666666622e-03
1.560000000000000053e+00 1.971864136666666521e-03
1.679999999999999938e+00 2.242322680000000037e-03
1.799999999999999822e+00 2.517275756666666631e-03
1.919999999999999929e+00 2.838297800000000315e-03
2.040000000000000036e+00 3.116172323333333584e-03
2.160000000000000142e+00 3.341460806666667147e-03
2.279999999999999805e+00 3.626751310000000169e-03
2.399999999999999911e+00 3.903614563333333669e-03
2.520000000000000018e+00 4.096879496666666447e-03
2.639999999999999680e+00 4.278121553333333327e-03
2.759999999999999787e+00 4.499814410000000514e-03
2.879999999999999893e+00 4.564985143333333620e-03
3.000000000000000000e+00 4.765778420000000085e-03
3.120000000000000107e+00 4.814881196666666481e-03
3.239999999999999769e+00 4.855556723333333789e-03
3.359999999999999876e+00 4.884883553333333600e-03
3.479999999999999982e+00 4.849826193333333507e-03
3.599999999999999645e+00 4.787801633333334077e-03
3.719999999999999751e+00 4.666786323333333222e-03
3.839999999999999858e+00 4.468465040000000298e-03
3.959999999999999964e+00 4.364641320000000289e-03
4.080000000000000071e+00 4.065979580000000232e-03
4.200000000000000178e+00 3.687090420000000129e-03
4.320000000000000284e+00 3.342022623333333348e-03
4.439999999999999503e+00 2.939874253333333350e-03
4.559999999999999609e+00 2.486937656666666618e-03
4.679999999999999716e+00 1.935233690000000024e-03
4.799999999999999822e+00 1.406564206666666757e-03
4.919999999999999929e+00 8.926143200000000383e-04
5.040000000000000036e+00 4.661954700000000510e-04
5.160000000000000142e+00 1.904558499999999834e-04
5.279999999999999361e+00 7.798015333333334397e-05
5.399999999999999467e+00 2.123667000000000415e-05
5.519999999999999574e+00 4.269806666666666187e-06
5.639999999999999680e+00 0.000000000000000000e+00
5.759999999999999787e+00 0.000000000000000000e+00
5.879999999999999893e+00 0.000000000000000000e+00
