# Delta R, dσ/d(Delta R) [pb]
0.000000000000000000e+00 1.240288659999999946e-04
2.000000000000000111e-01 3.681055939999999306e-04
4.000000000000000222e-01 6.132118919999999130e-04
6.000000000000000888e-01 8.809000919999998482e-04
8.000000000000000444e-01 1.152775209999999792e-03
1.000000000000000000e+00 1.454919685999999908e-03
1.200000000000000178e+00 1.774292299999999682e-03
1.400000000000000133e+00 2.127022981999999660e-03
1.600000000000000089e+00 2.550382165999999680e-03
1.800000000000000044e+00 3.078826127999999707e-03
2.000000000000000000e+00 3.693067589999999342e-03
2.200000000000000178e+00 4.414864797999999528e-03
2.400000000000000355e+00 5.371060775999999051e-03
2.600000000000000089e+00 6.523218243999998923e-03
2.800000000000000266e+00 7.800777337999998708e-03
3.000000000000000000e+00 8.427373639999999333e-03
3.200000000000000178e+00 5.326514713999998957e-03
3.400000000000000355e+00 3.715306301999999478e-03
3.600000000000000089e+00 2.682578953999999356e-03
3.800000000000000266e+00 1.950211493999999849e-03
4.000000000000000000e+00 1.407490827999999900e-03
4.200000000000000178e+00 1.013508707999999760e-03
4.400000000000000355e+00 7.022353779999998460e-04
4.600000000000000533e+00 5.051756799999999534e-04
4.800000000000000711e+00 3.432586379999999298e-04
5.000000000000000000e+00 2.298000239999999875e-04
5.200000000000000178e+00 1.554650699999999945e-04
5.400000000000000355e+00 9.945646199999998811e-05
5.600000000000000533e+00 6.115645799999999471e-05
5.800000000000000711e+00 4.029050599999999286e-05
6.000000000000000000e+00 2.244462599999999628e-05
6.200000000000000178e+00 1.153118399999999852e-05
6.400000000000000355e+00 8.373835999999999492e-06
6.600000000000000533e+00 4.255555999999999173e-06
6.800000000000000711e+00 2.196415999999999860e-06
7.000000000000000000e+00 1.098207999999999930e-06
7.200000000000000178e+00 2.745519999999999825e-07
7.400000000000000355e+00 2.745519999999999825e-07
7.600000000000000533e+00 2.745519999999999825e-07
7.800000000000000711e+00 0.000000000000000000e+00
8.000000000000000000e+00 0.000000000000000000e+00
8.200000000000001066e+00 0.000000000000000000e+00
8.400000000000000355e+00 0.000000000000000000e+00
8.599999999999999645e+00 0.000000000000000000e+00
8.800000000000000711e+00 0.000000000000000000e+00
9.000000000000000000e+00 0.000000000000000000e+00
9.200000000000001066e+00 0.000000000000000000e+00
9.400000000000000355e+00 0.000000000000000000e+00
9.600000000000001421e+00 0.000000000000000000e+00
9.800000000000000711e+00 0.000000000000000000e+00
