# pT [GeV], dσ/dpT [pb/GeV]
0.000000000000000000e+00 0.000000000000000000e+00
8.000000000000000000e+00 3.858140749999999959e-03
1.600000000000000000e+01 7.404968249999999488e-03
2.400000000000000000e+01 9.225240999999998609e-03
3.200000000000000000e+01 1.037054475000000024e-02
4.000000000000000000e+01 1.127856249999999866e-02
4.800000000000000000e+01 1.169929649999999939e-02
5.600000000000000000e+01 1.209734874999999869e-02
6.400000000000000000e+01 1.210781724999999975e-02
7.200000000000000000e+01 1.204525549999999924e-02
8.000000000000000000e+01 1.186205674999999890e-02
8.800000000000000000e+01 1.145602849999999978e-02
9.600000000000000000e+01 1.117238199999999980e-02
1.040000000000000000e+02 1.061730225000000020e-02
1.120000000000000000e+02 1.020628899999999860e-02
1.200000000000000000e+02 9.635755749999998926e-03
1.280000000000000000e+02 9.119060499999999750e-03
1.360000000000000000e+02 8.470511999999999486e-03
1.440000000000000000e+02 7.912939750000000383e-03
1.520000000000000000e+02 7.305018999999999402e-03
1.600000000000000000e+02 6.743209499999999745e-03
1.680000000000000000e+02 6.214051749999999555e-03
1.760000000000000000e+02 5.753437749999999740e-03
1.840000000000000000e+02 5.215805499999999310e-03
1.920000000000000000e+02 4.691881999999999650e-03
2.000000000000000000e+02 4.250709499999999821e-03
2.080000000000000000e+02 3.779626999999999813e-03
2.160000000000000000e+02 3.363379499999999845e-03
2.240000000000000000e+02 3.050819999999999661e-03
2.320000000000000000e+02 2.674203249999999865e-03
2.400000000000000000e+02 2.335721749999999843e-03
2.480000000000000000e+02 2.083979249999999995e-03
2.560000000000000000e+02 1.804071499999999927e-03
2.640000000000000000e+02 1.552079749999999867e-03
2.720000000000000000e+02 1.329001000000000010e-03
2.800000000000000000e+02 1.159012500000000017e-03
2.880000000000000000e+02 1.008963999999999998e-03
2.960000000000000000e+02 8.399724999999999813e-04
3.040000000000000000e+02 6.981492499999999903e-04
3.120000000000000000e+02 5.735242499999999291e-04
3.200000000000000000e+02 4.885299999999999322e-04
3.280000000000000000e+02 3.731272499999999841e-04
3.360000000000000000e+02 3.065774999999999967e-04
3.440000000000000000e+02 2.579737499999999761e-04
3.520000000000000000e+02 2.003969999999999992e-04
3.600000000000000000e+02 1.744749999999999990e-04
3.680000000000000000e+02 1.226309999999999987e-04
3.760000000000000000e+02 9.845374999999999906e-05
3.840000000000000000e+02 7.278099999999999316e-05
3.920000000000000000e+02 5.682899999999999410e-05
