# MET [GeV], dσ/d(MET) [pb/GeV]
1.000000000000000000e+00 2.371628553106212497e-03
1.098000000000000043e+01 6.118007198396793744e-03
2.096000000000000085e+01 8.616391422845691775e-03
3.094000000000000128e+01 1.040873657715430875e-02
4.092000000000000171e+01 1.135730815230460815e-02
5.090000000000000568e+01 1.179905665731462855e-02
6.088000000000000256e+01 1.196453768336673378e-02
7.085999999999999943e+01 1.197811151903807429e-02
8.084000000000000341e+01 1.163357563126252332e-02
9.082000000000000739e+01 1.123354670941883668e-02
1.008000000000000114e+02 1.070077365931863637e-02
1.107800000000000011e+02 1.003845032464929787e-02
1.207600000000000051e+02 9.376326605210419038e-03
1.307400000000000091e+02 8.714801731462926138e-03
1.407199999999999989e+02 8.064854541082163222e-03
1.507000000000000171e+02 7.210900585170340257e-03
1.606800000000000068e+02 6.596285290581161906e-03
1.706599999999999966e+02 5.882461226452905326e-03
1.806400000000000148e+02 5.279822845691382362e-03
1.906200000000000045e+02 4.662013707414828546e-03
2.006000000000000227e+02 4.138422957915831833e-03
2.105800000000000125e+02 3.559139559118236311e-03
2.205600000000000023e+02 3.133959118236472659e-03
2.305400000000000205e+02 2.654084104208416332e-03
2.405200000000000102e+02 2.274216320641282100e-03
2.505000000000000000e+02 1.878379318637274451e-03
2.604800000000000182e+02 1.610695294589178450e-03
2.704600000000000364e+02 1.331233971943887812e-03
2.804399999999999977e+02 1.075526861723446765e-03
2.904200000000000159e+02 8.854931623246492739e-04
3.004000000000000341e+02 7.168182925851703186e-04
3.103799999999999955e+02 5.599207214428856758e-04
3.203600000000000136e+02 4.639057955911823146e-04
3.303400000000000318e+02 3.407431983967935821e-04
3.403199999999999932e+02 2.714767134268536593e-04
3.503000000000000114e+02 2.002140761523046137e-04
3.602800000000000296e+02 1.509091142284568949e-04
3.702599999999999909e+02 1.121837595190380556e-04
3.802400000000000091e+02 7.246032865731461415e-05
3.902200000000000273e+02 5.848726252505009714e-05
4.002000000000000455e+02 3.692881763527053394e-05
4.101800000000000068e+02 2.614959519038076251e-05
4.201600000000000250e+02 1.716690981963927954e-05
4.301400000000000432e+02 9.581531062124246919e-06
4.401200000000000045e+02 5.189995991983967505e-06
4.501000000000000227e+02 2.195767535070140131e-06
4.600800000000000409e+02 1.796537074148296509e-06
4.700600000000000023e+02 5.988456913827654325e-07
4.800400000000000205e+02 3.992304609218436746e-07
4.900200000000000387e+02 1.996152304609218373e-07
