# C_l, dσ/d(C_l) [pb]
-4.000000000000000000e+00 0.000000000000000000e+00
-3.839999999999999858e+00 0.000000000000000000e+00
-3.680000000000000160e+00 0.000000000000000000e+00
-3.520000000000000018e+00 0.000000000000000000e+00
-3.359999999999999876e+00 0.000000000000000000e+00
-3.200000000000000178e+00 0.000000000000000000e+00
-3.040000000000000036e+00 0.000000000000000000e+00
-2.879999999999999893e+00 0.000000000000000000e+00
-2.719999999999999751e+00 0.000000000000000000e+00
-2.560000000000000053e+00 0.000000000000000000e+00
-2.399999999999999911e+00 0.000000000000000000e+00
-2.240000000000000213e+00 0.000000000000000000e+00
-2.080000000000000071e+00 0.000000000000000000e+00
-1.919999999999999929e+00 0.000000000000000000e+00
-1.759999999999999787e+00 1.685448750000000013e-07
-1.600000000000000089e+00 3.370897500000000026e-07
-1.439999999999999947e+00 1.769721187500000014e-06
-1.279999999999999805e+00 2.949535312500000235e-06
-1.120000000000000107e+00 6.657522562499999840e-06
-9.599999999999999645e-01 1.348359000000000010e-05
-7.999999999999998224e-01 2.342773762500000145e-05
-6.400000000000001243e-01 4.129349437499999566e-05
-4.799999999999999822e-01 6.598531856250000030e-05
-3.199999999999998401e-01 9.691330312500000710e-05
-1.600000000000001421e-01 1.456227720000000147e-04
0.000000000000000000e+00 2.002313115000000168e-04
1.600000000000001421e-01 2.730426974999999564e-04
3.200000000000002842e-01 3.863891259375000151e-04
4.800000000000004263e-01 5.074043461875000355e-04
6.399999999999996803e-01 6.488977687500000228e-04
7.999999999999998224e-01 8.581462310625000318e-04
9.599999999999999645e-01 1.065119337562500093e-03
1.120000000000000107e+00 1.299312441375000083e-03
1.280000000000000249e+00 1.566961702874999918e-03
1.440000000000000391e+00 1.848684461437499933e-03
1.600000000000000533e+00 2.144059354874999854e-03
1.759999999999999787e+00 2.465558703937499943e-03
1.919999999999999929e+00 2.758826786437500005e-03
2.080000000000000071e+00 3.078219324562499800e-03
2.240000000000000213e+00 3.374605487250000035e-03
2.400000000000000355e+00 3.642339021187499751e-03
2.560000000000000497e+00 3.869116150499999750e-03
2.719999999999999751e+00 4.054431240562500309e-03
2.879999999999999893e+00 4.208902618499999956e-03
3.040000000000000036e+00 4.282219639124999755e-03
3.200000000000000178e+00 4.335227002312499675e-03
3.360000000000000320e+00 4.257190725187500434e-03
3.520000000000000462e+00 4.160193149624999420e-03
3.679999999999999716e+00 4.006311678750000028e-03
3.839999999999999858e+00 3.746921116125000086e-03
