# M_W^{jj} [GeV]   dσ/dM_W^{jj} [pb/GeV]
1.000000e+00 4.937986e-09
3.780000e+00 1.481396e-08
6.560000e+00 1.975194e-08
9.340000e+00 9.875971e-09
1.212000e+01 3.950388e-08
1.490000e+01 4.444187e-08
1.768000e+01 1.135737e-07
2.046000e+01 1.234496e-07
2.324000e+01 1.234496e-07
2.602000e+01 2.617132e-07
2.880000e+01 3.357830e-07
3.158000e+01 4.888606e-07
3.436000e+01 5.530544e-07
3.714000e+01 8.147676e-07
3.992000e+01 1.012287e-06
4.270000e+01 1.323380e-06
4.548000e+01 1.782613e-06
4.826000e+01 2.375171e-06
5.104000e+01 3.273884e-06
5.382000e+01 4.271358e-06
5.660000e+01 6.024342e-06
5.938000e+01 8.014351e-06
6.216000e+01 1.229065e-05
6.494000e+01 1.798414e-05
6.772000e+01 2.968717e-05
7.050000e+01 5.648068e-05
7.328000e+01 1.298098e-04
7.606000e+01 5.246511e-04
7.884000e+01 2.950012e-03
8.162000e+01 7.430780e-04
8.440000e+01 1.726073e-04
8.718000e+01 7.493393e-05
8.996000e+01 4.280246e-05
9.274000e+01 2.755890e-05
9.552000e+01 1.963343e-05
9.830000e+01 1.436954e-05
1.010800e+02 1.158451e-05
1.038600e+02 9.347607e-06
1.066400e+02 7.723009e-06
1.094200e+02 6.449009e-06
1.122000e+02 5.318211e-06
1.149800e+02 4.261482e-06
1.177600e+02 3.797311e-06
1.205400e+02 3.496094e-06
1.233200e+02 3.150435e-06
1.261000e+02 2.681326e-06
1.288800e+02 2.419613e-06
1.316600e+02 2.202342e-06
1.344400e+02 1.906062e-06
1.372200e+02 1.856683e-06
