# Delta R, dσ/d(Delta R) [pb]
0.000000000000000000e+00 6.414755199999999484e-03
2.000000000000000111e-01 2.118662160000000030e-02
4.000000000000000222e-01 3.345832719999999177e-02
6.000000000000000888e-01 4.863858639999999595e-02
8.000000000000000444e-01 6.455594480000000079e-02
1.000000000000000000e+00 8.214671760000000211e-02
1.200000000000000178e+00 1.009527080000000021e-01
1.400000000000000133e+00 1.218703879999999823e-01
1.600000000000000089e+00 1.534959279999999759e-01
1.800000000000000044e+00 1.887073559999999928e-01
2.000000000000000000e+00 2.424060287999999785e-01
2.200000000000000178e+00 3.336469568000000052e-01
2.400000000000000355e+00 5.018749079999998974e-01
2.600000000000000089e+00 8.759129087999998342e-01
2.800000000000000266e+00 1.636878185599999869e+00
3.000000000000000000e+00 2.321862479999999618e+00
3.200000000000000178e+00 1.174637300799999950e+00
3.400000000000000355e+00 6.880422599999999056e-01
3.600000000000000089e+00 4.478574895999999361e-01
3.800000000000000266e+00 2.977382727999999812e-01
4.000000000000000000e+00 2.051625975999999685e-01
4.200000000000000178e+00 1.397898671999999731e-01
4.400000000000000355e+00 9.434869759999998939e-02
4.600000000000000533e+00 6.469539600000000223e-02
4.800000000000000711e+00 4.153653599999999196e-02
5.000000000000000000e+00 2.805957359999999845e-02
5.200000000000000178e+00 1.767045919999999867e-02
5.400000000000000355e+00 1.126566479999999842e-02
5.600000000000000533e+00 6.703618399999998999e-03
5.800000000000000711e+00 4.024163199999999073e-03
6.000000000000000000e+00 2.520082399999999580e-03
6.200000000000000178e+00 1.374590399999999889e-03
6.400000000000000355e+00 6.574127999999999613e-04
6.600000000000000533e+00 3.087847999999999375e-04
6.800000000000000711e+00 2.091767999999999926e-04
7.000000000000000000e+00 6.972559999999998850e-05
7.200000000000000178e+00 9.960799999999998551e-05
7.400000000000000355e+00 9.960799999999999567e-06
7.600000000000000533e+00 9.960799999999999567e-06
7.800000000000000711e+00 0.000000000000000000e+00
8.000000000000000000e+00 0.000000000000000000e+00
8.200000000000001066e+00 0.000000000000000000e+00
8.400000000000000355e+00 0.000000000000000000e+00
8.599999999999999645e+00 0.000000000000000000e+00
8.800000000000000711e+00 0.000000000000000000e+00
9.000000000000000000e+00 0.000000000000000000e+00
9.200000000000001066e+00 0.000000000000000000e+00
9.400000000000000355e+00 0.000000000000000000e+00
9.600000000000001421e+00 0.000000000000000000e+00
9.800000000000000711e+00 0.000000000000000000e+00
