# Delta R, dσ/d(Delta R) [pb]
0.000000000000000000e+00 1.116344970000000017e-04
2.000000000000000111e-01 3.422188574999999707e-04
4.000000000000000222e-01 5.771122694999999666e-04
6.000000000000000888e-01 8.024856840000000029e-04
8.000000000000000444e-01 1.029362255999999873e-03
1.000000000000000000e+00 1.317066601499999965e-03
1.200000000000000178e+00 1.643652620999999907e-03
1.400000000000000133e+00 1.967833588500000029e-03
1.600000000000000089e+00 2.379798953999999900e-03
1.800000000000000044e+00 2.884058190000000216e-03
2.000000000000000000e+00 3.568395694500000291e-03
2.200000000000000178e+00 4.540237123500000076e-03
2.400000000000000355e+00 6.096706609499999430e-03
2.600000000000000089e+00 9.062736988499998925e-03
2.800000000000000266e+00 1.454124502350000007e-02
3.000000000000000000e+00 1.892695755600000071e-02
3.200000000000000178e+00 1.022397626249999837e-02
3.400000000000000355e+00 6.317971393499999429e-03
3.600000000000000089e+00 4.297727713499999852e-03
3.800000000000000266e+00 2.977053533999999939e-03
4.000000000000000000e+00 2.111234813999999810e-03
4.200000000000000178e+00 1.468484666999999872e-03
4.400000000000000355e+00 1.021646047499999996e-03
4.600000000000000533e+00 6.957615014999999833e-04
4.800000000000000711e+00 4.592647214999999623e-04
5.000000000000000000e+00 3.167653905000000054e-04
5.200000000000000178e+00 2.038281569999999968e-04
5.400000000000000355e+00 1.314761760000000010e-04
5.600000000000000533e+00 7.876545299999998789e-05
5.800000000000000711e+00 5.040588149999999733e-05
6.000000000000000000e+00 2.966230799999999742e-05
6.200000000000000178e+00 1.473094349999999883e-05
6.400000000000000355e+00 1.032168150000000087e-05
6.600000000000000533e+00 4.108630500000000032e-06
6.800000000000000711e+00 2.805893999999999939e-06
7.000000000000000000e+00 2.004210000000000078e-06
7.200000000000000178e+00 5.010525000000000194e-07
7.400000000000000355e+00 3.006314999999999481e-07
7.600000000000000533e+00 1.002104999999999959e-07
7.800000000000000711e+00 1.002104999999999959e-07
8.000000000000000000e+00 0.000000000000000000e+00
8.200000000000001066e+00 0.000000000000000000e+00
8.400000000000000355e+00 0.000000000000000000e+00
8.599999999999999645e+00 0.000000000000000000e+00
8.800000000000000711e+00 0.000000000000000000e+00
9.000000000000000000e+00 0.000000000000000000e+00
9.200000000000001066e+00 0.000000000000000000e+00
9.400000000000000355e+00 0.000000000000000000e+00
9.600000000000001421e+00 0.000000000000000000e+00
9.800000000000000711e+00 0.000000000000000000e+00
