# C_l_exp, dσ/d(C_l_exp) [pb]
-5.000000000000000000e+00 0.000000000000000000e+00
-4.799999999999999822e+00 0.000000000000000000e+00
-4.599999999999999645e+00 0.000000000000000000e+00
-4.400000000000000355e+00 0.000000000000000000e+00
-4.200000000000000178e+00 0.000000000000000000e+00
-4.000000000000000000e+00 0.000000000000000000e+00
-3.799999999999999822e+00 0.000000000000000000e+00
-3.599999999999999645e+00 0.000000000000000000e+00
-3.399999999999999911e+00 0.000000000000000000e+00
-3.200000000000000178e+00 0.000000000000000000e+00
-3.000000000000000000e+00 0.000000000000000000e+00
-2.799999999999999822e+00 0.000000000000000000e+00
-2.599999999999999645e+00 0.000000000000000000e+00
-2.399999999999999911e+00 0.000000000000000000e+00
-2.199999999999999734e+00 0.000000000000000000e+00
-2.000000000000000000e+00 0.000000000000000000e+00
-1.799999999999999822e+00 0.000000000000000000e+00
-1.599999999999999645e+00 0.000000000000000000e+00
-1.399999999999999911e+00 0.000000000000000000e+00
-1.199999999999999734e+00 0.000000000000000000e+00
-1.000000000000000000e+00 0.000000000000000000e+00
-7.999999999999998224e-01 0.000000000000000000e+00
-5.999999999999996447e-01 0.000000000000000000e+00
-3.999999999999994671e-01 0.000000000000000000e+00
-1.999999999999992895e-01 0.000000000000000000e+00
0.000000000000000000e+00 1.891431113580000101e+03
2.000000000000001776e-01 3.247049423250000189e+01
4.000000000000003553e-01 1.087606768500000065e+01
6.000000000000005329e-01 5.151821534999999841e+00
8.000000000000007105e-01 2.936109930000000201e+00
1.000000000000000000e+00 1.876929689999999873e+00
1.200000000000000178e+00 1.174054567500000035e+00
1.400000000000000355e+00 7.223453475000000124e-01
1.600000000000000533e+00 3.368348924999999827e-01
1.800000000000000711e+00 4.672854000000000591e-02
2.000000000000000000e+00 0.000000000000000000e+00
2.200000000000000178e+00 0.000000000000000000e+00
2.400000000000000355e+00 0.000000000000000000e+00
2.600000000000000533e+00 0.000000000000000000e+00
2.800000000000000711e+00 0.000000000000000000e+00
3.000000000000000000e+00 0.000000000000000000e+00
3.200000000000001066e+00 0.000000000000000000e+00
3.400000000000000355e+00 0.000000000000000000e+00
3.599999999999999645e+00 0.000000000000000000e+00
3.800000000000000711e+00 0.000000000000000000e+00
4.000000000000000000e+00 0.000000000000000000e+00
4.200000000000001066e+00 0.000000000000000000e+00
4.400000000000000355e+00 0.000000000000000000e+00
4.600000000000001421e+00 0.000000000000000000e+00
4.800000000000000711e+00 0.000000000000000000e+00
