# M_W^{jj} [GeV]   dσ/dM_W^{jj} [pb/GeV]
1.000000e+00 0.000000e+00
3.780000e+00 4.850216e-09
6.560000e+00 1.940086e-08
9.340000e+00 0.000000e+00
1.212000e+01 5.820259e-08
1.490000e+01 3.880173e-08
1.768000e+01 1.067047e-07
2.046000e+01 8.245367e-08
2.324000e+01 1.746078e-07
2.602000e+01 2.037091e-07
2.880000e+01 2.861627e-07
3.158000e+01 3.783168e-07
3.436000e+01 6.450787e-07
3.714000e+01 7.323826e-07
3.992000e+01 9.651929e-07
4.270000e+01 1.469615e-06
4.548000e+01 2.129245e-06
4.826000e+01 2.609416e-06
5.104000e+01 3.676464e-06
5.382000e+01 4.835665e-06
5.660000e+01 7.425680e-06
5.938000e+01 1.047647e-05
6.216000e+01 1.531213e-05
6.494000e+01 2.515807e-05
6.772000e+01 4.641657e-05
7.050000e+01 1.014326e-04
7.328000e+01 3.325259e-04
7.606000e+01 2.455092e-03
7.884000e+01 1.304669e-03
8.162000e+01 2.274266e-04
8.440000e+01 9.075239e-05
8.718000e+01 4.911814e-05
8.996000e+01 3.105108e-05
9.274000e+01 2.144765e-05
9.552000e+01 1.666049e-05
9.830000e+01 1.269787e-05
1.010800e+02 9.598577e-06
1.038600e+02 8.245367e-06
1.066400e+02 6.872756e-06
1.094200e+02 5.694153e-06
1.122000e+02 4.811414e-06
1.149800e+02 4.253639e-06
1.177600e+02 3.535807e-06
1.205400e+02 3.283596e-06
1.233200e+02 2.793724e-06
1.261000e+02 2.643368e-06
1.288800e+02 2.396007e-06
1.316600e+02 2.085593e-06
1.344400e+02 1.881884e-06
1.372200e+02 1.721827e-06
