# C_l_exp, dσ/d(C_l_exp) [pb]
-5.000000000000000000e+00 0.000000000000000000e+00
-4.799999999999999822e+00 0.000000000000000000e+00
-4.599999999999999645e+00 0.000000000000000000e+00
-4.400000000000000355e+00 0.000000000000000000e+00
-4.200000000000000178e+00 0.000000000000000000e+00
-4.000000000000000000e+00 0.000000000000000000e+00
-3.799999999999999822e+00 0.000000000000000000e+00
-3.599999999999999645e+00 0.000000000000000000e+00
-3.399999999999999911e+00 0.000000000000000000e+00
-3.200000000000000178e+00 0.000000000000000000e+00
-3.000000000000000000e+00 0.000000000000000000e+00
-2.799999999999999822e+00 0.000000000000000000e+00
-2.599999999999999645e+00 0.000000000000000000e+00
-2.399999999999999911e+00 0.000000000000000000e+00
-2.199999999999999734e+00 0.000000000000000000e+00
-2.000000000000000000e+00 0.000000000000000000e+00
-1.799999999999999822e+00 0.000000000000000000e+00
-1.599999999999999645e+00 0.000000000000000000e+00
-1.399999999999999911e+00 0.000000000000000000e+00
-1.199999999999999734e+00 0.000000000000000000e+00
-1.000000000000000000e+00 0.000000000000000000e+00
-7.999999999999998224e-01 0.000000000000000000e+00
-5.999999999999996447e-01 0.000000000000000000e+00
-3.999999999999994671e-01 0.000000000000000000e+00
-1.999999999999992895e-01 0.000000000000000000e+00
0.000000000000000000e+00 2.390856769199999898e-01
2.000000000000001776e-01 3.577018424000000252e-02
4.000000000000003553e-01 1.918115239999999833e-02
6.000000000000005329e-01 1.252071144000000032e-02
8.000000000000007105e-01 9.157094299999999840e-03
1.000000000000000000e+00 6.859134219999999359e-03
1.200000000000000178e+00 5.445342280000000333e-03
1.400000000000000355e+00 4.384745319999999377e-03
1.600000000000000533e+00 3.366653199999999901e-03
1.800000000000000711e+00 1.569305679999999890e-03
2.000000000000000000e+00 0.000000000000000000e+00
2.200000000000000178e+00 0.000000000000000000e+00
2.400000000000000355e+00 0.000000000000000000e+00
2.600000000000000533e+00 0.000000000000000000e+00
2.800000000000000711e+00 0.000000000000000000e+00
3.000000000000000000e+00 0.000000000000000000e+00
3.200000000000001066e+00 0.000000000000000000e+00
3.400000000000000355e+00 0.000000000000000000e+00
3.599999999999999645e+00 0.000000000000000000e+00
3.800000000000000711e+00 0.000000000000000000e+00
4.000000000000000000e+00 0.000000000000000000e+00
4.200000000000001066e+00 0.000000000000000000e+00
4.400000000000000355e+00 0.000000000000000000e+00
4.600000000000001421e+00 0.000000000000000000e+00
4.800000000000000711e+00 0.000000000000000000e+00
