# eta, dσ/deta [pb]
-1.000000000000000000e+01 0.000000000000000000e+00
-9.599999999999999645e+00 0.000000000000000000e+00
-9.199999999999999289e+00 0.000000000000000000e+00
-8.800000000000000711e+00 0.000000000000000000e+00
-8.400000000000000355e+00 0.000000000000000000e+00
-8.000000000000000000e+00 0.000000000000000000e+00
-7.599999999999999645e+00 0.000000000000000000e+00
-7.199999999999999289e+00 0.000000000000000000e+00
-6.799999999999999822e+00 0.000000000000000000e+00
-6.400000000000000355e+00 0.000000000000000000e+00
-6.000000000000000000e+00 0.000000000000000000e+00
-5.599999999999999645e+00 0.000000000000000000e+00
-5.199999999999999289e+00 0.000000000000000000e+00
-4.799999999999999822e+00 0.000000000000000000e+00
-4.399999999999999467e+00 0.000000000000000000e+00
-4.000000000000000000e+00 0.000000000000000000e+00
-3.599999999999999645e+00 0.000000000000000000e+00
-3.199999999999999289e+00 0.000000000000000000e+00
-2.799999999999999822e+00 0.000000000000000000e+00
-2.399999999999999467e+00 0.000000000000000000e+00
-2.000000000000000000e+00 0.000000000000000000e+00
-1.599999999999999645e+00 2.920533749999999502e-03
-1.199999999999999289e+00 2.336426999999999601e-02
-7.999999999999989342e-01 9.248356874999999477e-02
-3.999999999999985789e-01 2.969209312499999642e-01
0.000000000000000000e+00 7.410367635000000286e-01
4.000000000000003553e-01 1.765365300749999866e+00
8.000000000000007105e-01 3.947004011999999840e+00
1.200000000000001066e+00 8.196380618250000083e+00
1.600000000000001421e+00 1.581605317199999838e+01
2.000000000000000000e+00 2.625520900800000135e+01
2.400000000000000355e+00 3.472047343349999693e+01
2.800000000000000711e+00 3.617781977474999877e+01
3.200000000000001066e+00 2.884066018575000001e+01
3.600000000000001421e+00 1.854285818324999724e+01
4.000000000000000000e+00 1.020921247875000049e+01
4.400000000000000355e+00 5.087180387999999276e+00
4.800000000000000711e+00 2.373615129749999664e+00
5.200000000000001066e+00 1.039710015000000043e+00
5.600000000000001421e+00 4.086800227499999827e-01
6.000000000000000000e+00 1.302558052499999952e-01
6.400000000000002132e+00 3.309938249999999638e-02
6.800000000000000711e+00 1.947022499999999812e-03
7.199999999999999289e+00 0.000000000000000000e+00
7.600000000000001421e+00 0.000000000000000000e+00
8.000000000000000000e+00 0.000000000000000000e+00
8.400000000000002132e+00 0.000000000000000000e+00
8.800000000000000711e+00 0.000000000000000000e+00
9.200000000000002842e+00 0.000000000000000000e+00
9.600000000000001421e+00 0.000000000000000000e+00
