# M_W^{jj} [GeV]   dσ/dM_W^{jj} [pb/GeV]
1.000000e+00 0.000000e+00
3.780000e+00 0.000000e+00
6.560000e+00 1.455065e-08
9.340000e+00 1.455065e-08
1.212000e+01 7.760345e-08
1.490000e+01 6.305281e-08
1.768000e+01 1.115550e-07
2.046000e+01 1.503567e-07
2.324000e+01 2.037091e-07
2.602000e+01 3.007134e-07
2.880000e+01 3.637662e-07
3.158000e+01 5.529246e-07
3.436000e+01 7.323826e-07
3.714000e+01 7.954354e-07
3.992000e+01 1.265906e-06
4.270000e+01 1.590871e-06
4.548000e+01 2.129245e-06
4.826000e+01 3.045936e-06
5.104000e+01 3.904424e-06
5.382000e+01 5.199431e-06
5.660000e+01 7.512984e-06
5.938000e+01 1.069958e-05
6.216000e+01 1.625792e-05
6.494000e+01 2.583710e-05
6.772000e+01 4.667848e-05
7.050000e+01 1.005159e-04
7.328000e+01 3.348492e-04
7.606000e+01 2.461184e-03
7.884000e+01 1.299407e-03
8.162000e+01 2.267476e-04
8.440000e+01 8.933613e-05
8.718000e+01 4.922484e-05
8.996000e+01 3.043510e-05
9.274000e+01 2.106449e-05
9.552000e+01 1.566135e-05
9.830000e+01 1.208674e-05
1.010800e+02 9.947793e-06
1.038600e+02 7.517835e-06
1.066400e+02 6.649646e-06
1.094200e+02 5.519546e-06
1.122000e+02 4.918119e-06
1.149800e+02 4.350644e-06
1.177600e+02 3.579459e-06
1.205400e+02 3.191442e-06
1.233200e+02 3.021684e-06
1.261000e+02 2.599716e-06
1.288800e+02 2.235949e-06
1.316600e+02 2.037091e-06
1.344400e+02 1.712126e-06
1.372200e+02 1.707276e-06
