# pT [GeV], dσ/dpT [pb/GeV]
0.000000000000000000e+00 0.000000000000000000e+00
1.000000000000000000e+01 1.690478207999999717e-05
2.000000000000000000e+01 8.143387600000000074e-05
3.000000000000000000e+01 1.939529583199999907e-04
4.000000000000000000e+01 3.061279538399999905e-04
5.000000000000000000e+01 2.484347176800000235e-04
6.000000000000000000e+01 1.724954355999999938e-04
7.000000000000000000e+01 1.142705515999999988e-04
8.000000000000000000e+01 7.447117839999999901e-05
9.000000000000000000e+01 4.829359439999999788e-05
1.000000000000000000e+02 3.126332183999999892e-05
1.100000000000000000e+02 2.032001224000000062e-05
1.200000000000000000e+02 1.338834992000000003e-05
1.300000000000000000e+02 9.201285839999998926e-06
1.400000000000000000e+02 5.981712879999999971e-06
1.500000000000000000e+02 4.077765920000000200e-06
1.600000000000000000e+02 2.620457120000000036e-06
1.700000000000000000e+02 1.794648799999999928e-06
1.800000000000000000e+02 1.323722160000000051e-06
1.900000000000000000e+02 8.622410399999999844e-07
2.000000000000000000e+02 6.234043200000000375e-07
2.100000000000000000e+02 4.560836800000000001e-07
2.200000000000000000e+02 3.144008800000000253e-07
2.300000000000000000e+02 2.172469599999999738e-07
2.400000000000000000e+02 1.565257600000000110e-07
2.500000000000000000e+02 1.065994400000000084e-07
2.600000000000000000e+02 7.826288000000000551e-08
2.700000000000000000e+02 5.667311999999999919e-08
2.800000000000000000e+02 4.992631999999999598e-08
2.900000000000000000e+02 2.563783999999999964e-08
3.000000000000000000e+02 2.563783999999999964e-08
3.100000000000000000e+02 1.349360000000000146e-08
3.200000000000000000e+02 5.397439999999999923e-09
3.300000000000000000e+02 2.698719999999999962e-09
3.400000000000000000e+02 2.698719999999999962e-09
3.500000000000000000e+02 5.397439999999999923e-09
3.600000000000000000e+02 0.000000000000000000e+00
3.700000000000000000e+02 0.000000000000000000e+00
3.800000000000000000e+02 0.000000000000000000e+00
3.900000000000000000e+02 1.349359999999999981e-09
4.000000000000000000e+02 0.000000000000000000e+00
4.100000000000000000e+02 0.000000000000000000e+00
4.200000000000000000e+02 0.000000000000000000e+00
4.300000000000000000e+02 0.000000000000000000e+00
4.400000000000000000e+02 0.000000000000000000e+00
4.500000000000000000e+02 0.000000000000000000e+00
4.600000000000000000e+02 0.000000000000000000e+00
4.700000000000000000e+02 0.000000000000000000e+00
4.800000000000000000e+02 0.000000000000000000e+00
4.900000000000000000e+02 0.000000000000000000e+00
