# M_W^{jj} [GeV]   dσ/dM_W^{jj} [pb/GeV]
1.000000e+00 1.441878e-08
3.780000e+00 5.767511e-08
6.560000e+00 1.874441e-07
9.340000e+00 2.739568e-07
1.212000e+01 2.739568e-07
1.490000e+01 4.686103e-07
1.768000e+01 4.686103e-07
2.046000e+01 6.488450e-07
2.324000e+01 8.362891e-07
2.602000e+01 9.083829e-07
2.880000e+01 1.240015e-06
3.158000e+01 1.513972e-06
3.436000e+01 1.629322e-06
3.714000e+01 2.357470e-06
3.992000e+01 2.840499e-06
4.270000e+01 3.532600e-06
4.548000e+01 4.311214e-06
4.826000e+01 5.709836e-06
5.104000e+01 6.884966e-06
5.382000e+01 9.862443e-06
5.660000e+01 1.291201e-05
5.938000e+01 1.845603e-05
6.216000e+01 2.622055e-05
6.494000e+01 4.214609e-05
6.772000e+01 7.344204e-05
7.050000e+01 1.549946e-04
7.328000e+01 5.084710e-04
7.606000e+01 3.662427e-03
7.884000e+01 1.925094e-03
8.162000e+01 3.285895e-04
8.440000e+01 1.302160e-04
8.718000e+01 6.951292e-05
8.996000e+01 4.277330e-05
9.274000e+01 2.939268e-05
9.552000e+01 2.148398e-05
9.830000e+01 1.596880e-05
1.010800e+02 1.256596e-05
1.038600e+02 9.927328e-06
1.066400e+02 8.132190e-06
1.094200e+02 7.483345e-06
1.122000e+02 6.156818e-06
1.149800e+02 5.032153e-06
1.177600e+02 4.974478e-06
1.205400e+02 3.849813e-06
1.233200e+02 3.345156e-06
1.261000e+02 3.258644e-06
1.288800e+02 2.804452e-06
1.316600e+02 2.660264e-06
1.344400e+02 2.206073e-06
1.372200e+02 1.960954e-06
