# eta, dσ/deta [pb]
-1.000000000000000000e+01 0.000000000000000000e+00
-9.599999999999999645e+00 0.000000000000000000e+00
-9.199999999999999289e+00 0.000000000000000000e+00
-8.800000000000000711e+00 0.000000000000000000e+00
-8.400000000000000355e+00 0.000000000000000000e+00
-8.000000000000000000e+00 0.000000000000000000e+00
-7.599999999999999645e+00 0.000000000000000000e+00
-7.199999999999999289e+00 0.000000000000000000e+00
-6.799999999999999822e+00 0.000000000000000000e+00
-6.400000000000000355e+00 0.000000000000000000e+00
-6.000000000000000000e+00 0.000000000000000000e+00
-5.599999999999999645e+00 0.000000000000000000e+00
-5.199999999999999289e+00 0.000000000000000000e+00
-4.799999999999999822e+00 0.000000000000000000e+00
-4.399999999999999467e+00 0.000000000000000000e+00
-4.000000000000000000e+00 0.000000000000000000e+00
-3.599999999999999645e+00 0.000000000000000000e+00
-3.199999999999999289e+00 0.000000000000000000e+00
-2.799999999999999822e+00 0.000000000000000000e+00
-2.399999999999999467e+00 1.098207999999999930e-06
-2.000000000000000000e+00 1.815475099999999697e-05
-1.599999999999999645e+00 8.943531399999999222e-05
-1.199999999999999289e+00 2.561913349999999766e-04
-7.999999999999989342e-01 6.002393099999999782e-04
-3.999999999999985789e-01 1.174876645999999849e-03
0.000000000000000000e+00 2.023551196999999816e-03
4.000000000000003553e-01 2.963102459999999473e-03
8.000000000000007105e-01 3.792489732999999256e-03
1.200000000000001066e+00 4.267224459999999046e-03
1.600000000000001421e+00 4.365445437999999033e-03
2.000000000000000000e+00 4.086397648999999868e-03
2.400000000000000355e+00 3.495046959999999550e-03
2.800000000000000711e+00 2.705092217999999649e-03
3.200000000000001066e+00 1.941871976999999961e-03
3.600000000000001421e+00 1.250103893999999702e-03
4.000000000000000000e+00 7.092707729999999646e-04
4.400000000000000355e+00 3.470680469999999390e-04
4.800000000000000711e+00 1.532343349999999661e-04
5.200000000000001066e+00 5.683226399999998933e-05
5.600000000000001421e+00 1.863521699999999719e-05
6.000000000000000000e+00 3.397580999999999565e-06
6.400000000000002132e+00 2.402329999999999516e-07
6.800000000000000711e+00 0.000000000000000000e+00
7.199999999999999289e+00 0.000000000000000000e+00
7.600000000000001421e+00 0.000000000000000000e+00
8.000000000000000000e+00 0.000000000000000000e+00
8.400000000000002132e+00 0.000000000000000000e+00
8.800000000000000711e+00 0.000000000000000000e+00
9.200000000000002842e+00 0.000000000000000000e+00
9.600000000000001421e+00 0.000000000000000000e+00
