# M_W^{jj} [GeV]   dσ/dM_W^{jj} [pb/GeV]
1.000000e+00 7.396510e-04
4.580000e+00 1.087722e-03
8.160000e+00 2.284216e-03
1.174000e+01 3.154394e-03
1.532000e+01 4.394397e-03
1.890000e+01 5.177557e-03
2.248000e+01 5.851945e-03
2.606000e+01 8.179670e-03
2.964000e+01 9.745990e-03
3.322000e+01 1.120354e-02
3.680000e+01 1.398811e-02
4.038000e+01 1.851303e-02
4.396000e+01 2.297269e-02
4.754000e+01 2.965130e-02
5.112000e+01 3.854887e-02
5.470000e+01 5.160153e-02
5.828000e+01 7.659739e-02
6.186000e+01 1.193449e-01
6.544000e+01 2.130630e-01
6.902000e+01 4.792503e-01
7.260000e+01 1.890853e+00
7.618000e+01 1.441321e+01
7.976000e+01 3.002504e+00
8.334000e+01 5.868913e-01
8.692000e+01 2.441936e-01
9.050000e+01 1.302656e-01
9.408000e+01 8.118758e-02
9.766000e+01 5.764927e-02
1.012400e+02 3.931028e-02
1.048200e+02 2.834604e-02
1.084000e+02 2.297269e-02
1.119800e+02 1.931794e-02
1.155600e+02 1.557618e-02
1.191400e+02 1.316144e-02
1.227200e+02 1.055090e-02
1.263000e+02 8.680022e-03
1.298800e+02 7.766336e-03
1.334600e+02 6.983176e-03
1.370400e+02 5.699664e-03
1.406200e+02 5.221066e-03
1.442000e+02 4.851240e-03
1.477800e+02 3.698255e-03
1.513600e+02 3.154394e-03
1.549400e+02 2.654042e-03
1.585200e+02 2.632287e-03
1.621000e+02 2.262462e-03
1.656800e+02 2.893341e-03
1.692600e+02 1.740355e-03
1.728400e+02 2.153690e-03
1.764200e+02 1.544565e-03
