# Δη_jj, dσ/d(Δη_jj) [pb]
0.000000000000000000e+00 6.593615235999999644e-03
1.000000000000000056e-01 6.572850492000000509e-03
2.000000000000000111e-01 6.623009483999999815e-03
3.000000000000000444e-01 6.582019340000000093e-03
4.000000000000000222e-01 6.566243527999999878e-03
5.000000000000000000e-01 6.536175099999999571e-03
6.000000000000000888e-01 6.429384988000000183e-03
7.000000000000000666e-01 6.389338696000000303e-03
8.000000000000000444e-01 6.299268248000000105e-03
9.000000000000000222e-01 6.190051087999999882e-03
1.000000000000000000e+00 5.993999544000000283e-03
1.100000000000000089e+00 5.810487748000000077e-03
1.200000000000000178e+00 5.636684143999999737e-03
1.300000000000000044e+00 5.396406391999999594e-03
1.400000000000000133e+00 5.187949935999999589e-03
1.500000000000000000e+00 4.941065219999999682e-03
1.600000000000000089e+00 4.576468676000000103e-03
1.700000000000000178e+00 4.234120071999999783e-03
1.800000000000000044e+00 3.927907516000000120e-03
1.900000000000000133e+00 3.580300307999999872e-03
2.000000000000000000e+00 3.252244319999999644e-03
2.100000000000000089e+00 2.851376891999999989e-03
2.200000000000000178e+00 2.520759019999999941e-03
2.300000000000000266e+00 2.207130484000000090e-03
2.400000000000000355e+00 1.890535555999999775e-03
2.500000000000000000e+00 1.608054135999999927e-03
2.600000000000000089e+00 1.360899747999999880e-03
2.700000000000000178e+00 1.114149868000000043e-03
2.800000000000000266e+00 9.132442279999999695e-04
2.900000000000000355e+00 7.422721800000000236e-04
3.000000000000000000e+00 5.985370039999999897e-04
3.100000000000000089e+00 4.744878839999999904e-04
3.200000000000000178e+00 3.535399919999999844e-04
3.300000000000000266e+00 2.747957680000000084e-04
3.400000000000000355e+00 1.999617879999999873e-04
3.500000000000000000e+00 1.441396840000000012e-04
3.600000000000000089e+00 1.011269999999999959e-04
3.700000000000000178e+00 6.728316399999999459e-05
3.800000000000000266e+00 4.193399599999999769e-05
3.900000000000000355e+00 2.656269199999999704e-05
4.000000000000000000e+00 1.159589599999999927e-05
4.100000000000000533e+00 4.314752000000000122e-06
4.200000000000000178e+00 1.887704000000000053e-06
4.299999999999999822e+00 1.078688000000000030e-06
4.400000000000000355e+00 1.483195999999999936e-06
4.500000000000000000e+00 1.078688000000000030e-06
4.600000000000000533e+00 1.483195999999999936e-06
4.700000000000000178e+00 8.090159999999999169e-07
4.800000000000000711e+00 6.741800000000000190e-07
4.900000000000000355e+00 1.348360000000000038e-07
