# pT [GeV], dσ/dpT [pb/GeV]
0.000000000000000000e+00 0.000000000000000000e+00
6.000000000000000000e+00 4.353708340000000021e-05
1.200000000000000000e+01 1.860524507333333069e-04
1.800000000000000000e+01 2.523315914666666667e-04
2.400000000000000000e+01 2.807591631333332849e-04
3.000000000000000000e+01 2.762427827333332835e-04
3.600000000000000000e+01 2.470373137333332848e-04
4.200000000000000000e+01 2.088997529999999660e-04
4.800000000000000000e+01 1.694397667999999763e-04
5.400000000000000000e+01 1.364203129333333244e-04
6.000000000000000000e+01 1.074207579333333215e-04
6.600000000000000000e+01 8.262184853333332652e-05
7.200000000000000000e+01 6.561792799999999724e-05
7.800000000000000000e+01 5.030707813333333122e-05
8.400000000000000000e+01 3.930211879999999299e-05
9.000000000000000000e+01 3.064229113333333162e-05
9.600000000000000000e+01 2.337581486666666513e-05
1.020000000000000000e+02 1.837439259999999920e-05
1.080000000000000000e+02 1.454668013333333269e-05
1.140000000000000000e+02 1.097979206666666587e-05
1.200000000000000000e+02 8.790239866666665447e-06
1.260000000000000000e+02 7.017091533333332670e-06
1.320000000000000000e+02 5.543662466666665721e-06
1.380000000000000000e+02 4.381392333333333008e-06
1.440000000000000000e+02 3.566888066666666398e-06
1.500000000000000000e+02 2.889659799999999489e-06
1.560000000000000000e+02 2.249038466666666567e-06
1.620000000000000000e+02 1.761708666666666700e-06
1.680000000000000000e+02 1.475716999999999952e-06
1.740000000000000000e+02 1.242347799999999911e-06
1.800000000000000000e+02 8.648387999999998892e-07
1.860000000000000000e+02 7.573059333333333658e-07
1.920000000000000000e+02 5.971505999999999235e-07
1.980000000000000000e+02 5.605436666666666772e-07
2.040000000000000000e+02 4.507228666666666736e-07
2.100000000000000000e+02 3.134468666666666559e-07
2.160000000000000000e+02 3.248865333333333153e-07
2.220000000000000000e+02 2.356571333333333355e-07
2.280000000000000000e+02 1.784587999999999860e-07
2.340000000000000000e+02 1.510035999999999718e-07
2.400000000000000000e+02 1.281242666666666532e-07
2.460000000000000000e+02 1.006690666666666655e-07
2.520000000000000000e+02 6.406213333333332660e-08
2.580000000000000000e+02 8.007766666666666818e-08
2.640000000000000000e+02 6.177419999999999209e-08
2.700000000000000000e+02 4.804659999999999164e-08
2.760000000000000000e+02 5.033453333333333277e-08
2.820000000000000000e+02 3.203106666666666330e-08
2.880000000000000000e+02 2.974313333333333210e-08
2.940000000000000000e+02 1.830346666666666616e-08
