# pT [GeV], dσ/dpT [pb/GeV]
0.000000000000000000e+00 0.000000000000000000e+00
6.000000000000000000e+00 4.487566806666667046e-05
1.200000000000000000e+01 1.914086910666666815e-04
1.800000000000000000e+01 2.567614529999999689e-04
2.400000000000000000e+01 2.829466041999999931e-04
3.000000000000000000e+01 2.721215206666666880e-04
3.600000000000000000e+01 2.413114946666666718e-04
4.200000000000000000e+01 2.003932632000000066e-04
4.800000000000000000e+01 1.621402899999999959e-04
5.400000000000000000e+01 1.295189670666666709e-04
6.000000000000000000e+01 1.004438309333333302e-04
6.600000000000000000e+01 7.759587073333334116e-05
7.200000000000000000e+01 6.062001833333333133e-05
7.800000000000000000e+01 4.699933506666666817e-05
8.400000000000000000e+01 3.640122546666667123e-05
9.000000000000000000e+01 2.811105873333333394e-05
9.600000000000000000e+01 2.210186766666666523e-05
1.020000000000000000e+02 1.776913753333333323e-05
1.080000000000000000e+02 1.378922826666666817e-05
1.140000000000000000e+02 1.094643593333333429e-05
1.200000000000000000e+02 8.849736133333334405e-06
1.260000000000000000e+02 6.926075866666666569e-06
1.320000000000000000e+02 5.530523266666666747e-06
1.380000000000000000e+02 4.629369333333333429e-06
1.440000000000000000e+02 3.728215400000000110e-06
1.500000000000000000e+02 3.254042133333333242e-06
1.560000000000000000e+02 2.588851200000000327e-06
1.620000000000000000e+02 2.103441599999999763e-06
1.680000000000000000e+02 1.802307866666666636e-06
1.740000000000000000e+02 1.489937800000000026e-06
1.800000000000000000e+02 1.314650999999999799e-06
1.860000000000000000e+02 1.170825933333333326e-06
1.920000000000000000e+02 9.326156666666666489e-07
1.980000000000000000e+02 8.696921999999999875e-07
2.040000000000000000e+02 7.775542666666665863e-07
2.100000000000000000e+02 6.382237333333334008e-07
2.160000000000000000e+02 6.314819333333333106e-07
2.220000000000000000e+02 4.404642666666666826e-07
2.280000000000000000e+02 4.584423999999999918e-07
2.340000000000000000e+02 3.797880666666666650e-07
2.400000000000000000e+02 2.988864666666666945e-07
2.460000000000000000e+02 2.876501333333333167e-07
2.520000000000000000e+02 2.651774666666666671e-07
2.580000000000000000e+02 2.337157333333333099e-07
2.640000000000000000e+02 1.955121999999999949e-07
2.700000000000000000e+02 1.797813333333333296e-07
2.760000000000000000e+02 1.707922666666666485e-07
2.820000000000000000e+02 1.123633333333333409e-07
2.880000000000000000e+02 1.033742666666666731e-07
2.940000000000000000e+02 1.033742666666666731e-07
