# Δη_jj, dσ/d(Δη_jj) [pb]
0.000000000000000000e+00 6.636059115999999244e-03
1.000000000000000056e-01 6.606956603999999088e-03
2.000000000000000111e-01 6.582521475999998997e-03
3.000000000000000444e-01 6.615330439999998237e-03
4.000000000000000222e-01 6.565911079999999476e-03
5.000000000000000000e-01 6.513471647999998990e-03
6.000000000000000888e-01 6.496723975999998957e-03
7.000000000000000666e-01 6.423144039999999395e-03
8.000000000000000444e-01 6.380863031999999511e-03
9.000000000000000222e-01 6.202953335999999290e-03
1.000000000000000000e+00 6.107958343999999630e-03
1.100000000000000089e+00 5.972192379999999648e-03
1.200000000000000178e+00 5.782476947999998750e-03
1.300000000000000044e+00 5.523848963999999223e-03
1.400000000000000133e+00 5.306541055999999465e-03
1.500000000000000000e+00 5.032949987999999625e-03
1.600000000000000089e+00 4.752906947999999132e-03
1.700000000000000178e+00 4.347805471999999574e-03
1.800000000000000044e+00 4.004478195999999768e-03
1.900000000000000133e+00 3.685311495999999895e-03
2.000000000000000000e+00 3.311646223999999659e-03
2.100000000000000089e+00 2.955689555999999572e-03
2.200000000000000178e+00 2.645583071999999675e-03
2.300000000000000266e+00 2.280703463999999691e-03
2.400000000000000355e+00 1.967576907999999802e-03
2.500000000000000000e+00 1.692338527999999887e-03
2.600000000000000089e+00 1.423963947999999776e-03
2.700000000000000178e+00 1.183730947999999924e-03
2.800000000000000266e+00 9.878380959999998306e-04
2.900000000000000355e+00 7.794531279999999691e-04
3.000000000000000000e+00 6.291359079999999087e-04
3.100000000000000089e+00 5.028419879999999204e-04
3.200000000000000178e+00 3.792935879999999294e-04
3.300000000000000266e+00 2.944570199999999504e-04
3.400000000000000355e+00 2.163469759999999949e-04
3.500000000000000000e+00 1.677512719999999706e-04
3.600000000000000089e+00 1.147627359999999966e-04
3.700000000000000178e+00 8.387563599999998531e-05
3.800000000000000266e+00 5.038029199999999411e-05
3.900000000000000355e+00 3.102437599999999490e-05
4.000000000000000000e+00 1.702222399999999669e-05
4.100000000000000533e+00 8.236559999999998945e-06
4.200000000000000178e+00 4.804659999999999667e-06
4.299999999999999822e+00 2.059139999999999736e-06
4.400000000000000355e+00 1.647311999999999789e-06
4.500000000000000000e+00 9.609319999999998063e-07
4.600000000000000533e+00 5.491039999999999650e-07
4.700000000000000178e+00 2.745519999999999825e-07
4.800000000000000711e+00 1.372759999999999912e-07
4.900000000000000355e+00 2.745519999999999825e-07
