# C_l, dσ/d(C_l) [pb]
-5.000000000000000000e+00 1.821636000000000121e-04
-4.799999999999999822e+00 1.981535159999999829e-04
-4.599999999999999645e+00 2.179216399999999798e-04
-4.400000000000000355e+00 2.257479279999999972e-04
-4.200000000000000178e+00 2.588072479999999889e-04
-4.000000000000000000e+00 2.943628839999999896e-04
-3.799999999999999822e+00 3.243186759999999356e-04
-3.599999999999999645e+00 3.583225479999999812e-04
-3.399999999999999911e+00 4.086536759999999336e-04
-3.200000000000000178e+00 4.590522719999999926e-04
-3.000000000000000000e+00 5.243612959999999993e-04
-2.799999999999999822e+00 6.126094399999999383e-04
-2.599999999999999645e+00 7.146885239999999648e-04
-2.399999999999999911e+00 8.615663599999999955e-04
-2.199999999999999734e+00 9.954228719999999152e-04
-2.000000000000000000e+00 1.186559715999999966e-03
-1.799999999999999822e+00 1.415546107999999951e-03
-1.599999999999999645e+00 1.650267279999999932e-03
-1.399999999999999911e+00 1.946181927999999931e-03
-1.199999999999999734e+00 2.213287739999999625e-03
-1.000000000000000000e+00 2.489974007999999801e-03
-7.999999999999998224e-01 2.724560243999999895e-03
-5.999999999999996447e-01 2.924602863999999688e-03
-3.999999999999994671e-01 3.095904115999999987e-03
-1.999999999999992895e-01 3.153791659999999938e-03
0.000000000000000000e+00 3.189617167999999822e-03
2.000000000000001776e-01 3.074584227999999954e-03
4.000000000000003553e-01 2.943156564000000072e-03
6.000000000000005329e-01 2.725639731999999864e-03
8.000000000000007105e-01 2.506368731999999815e-03
1.000000000000000000e+00 2.210116743999999880e-03
1.200000000000000178e+00 1.922972935999999735e-03
1.400000000000000355e+00 1.681302559999999684e-03
1.600000000000000533e+00 1.403131995999999876e-03
1.800000000000000711e+00 1.187234395999999838e-03
2.000000000000000000e+00 9.961650199999999480e-04
2.200000000000000178e+00 8.330948639999999523e-04
2.400000000000000355e+00 7.059851519999999457e-04
2.600000000000000533e+00 6.010724120000000012e-04
2.800000000000000711e+00 5.298936719999999476e-04
3.000000000000000000e+00 4.595920159999999769e-04
3.200000000000001066e+00 4.001527079999999629e-04
3.400000000000000355e+00 3.620332879999999822e-04
3.599999999999999645e+00 3.202705959999999985e-04
3.800000000000000711e+00 2.902473360000000003e-04
4.000000000000000000e+00 2.584024400000000006e-04
4.200000000000001066e+00 2.355307879999999851e-04
4.400000000000000355e+00 2.175842999999999896e-04
4.600000000000001421e+00 1.931608839999999919e-04
4.800000000000000711e+00 1.820961320000000141e-04
