# M_W^{jj} [GeV]   dσ/dM_W^{jj} [pb/GeV]
1.000000e+00 0.000000e+00
3.780000e+00 0.000000e+00
6.560000e+00 4.937986e-09
9.340000e+00 1.975194e-08
1.212000e+01 1.481396e-08
1.490000e+01 5.925583e-08
1.768000e+01 5.431784e-08
2.046000e+01 6.913180e-08
2.324000e+01 1.333256e-07
2.602000e+01 1.975194e-07
2.880000e+01 1.777675e-07
3.158000e+01 3.999768e-07
3.436000e+01 4.147908e-07
3.714000e+01 6.962560e-07
3.992000e+01 1.012287e-06
4.270000e+01 1.313504e-06
4.548000e+01 1.585093e-06
4.826000e+01 2.197404e-06
5.104000e+01 3.101055e-06
5.382000e+01 3.851629e-06
5.660000e+01 5.441660e-06
5.938000e+01 7.742761e-06
6.216000e+01 1.145613e-05
6.494000e+01 1.810266e-05
6.772000e+01 2.864525e-05
7.050000e+01 5.432278e-05
7.328000e+01 1.276716e-04
7.606000e+01 5.253918e-04
7.884000e+01 2.948832e-03
8.162000e+01 7.478579e-04
8.440000e+01 1.720937e-04
8.718000e+01 7.533391e-05
8.996000e+01 4.349872e-05
9.274000e+01 2.803294e-05
9.552000e+01 2.029512e-05
9.830000e+01 1.478433e-05
1.010800e+02 1.176722e-05
1.038600e+02 9.219219e-06
1.066400e+02 7.658816e-06
1.094200e+02 6.725536e-06
1.122000e+02 5.328086e-06
1.149800e+02 4.533071e-06
1.177600e+02 4.202226e-06
1.205400e+02 3.520784e-06
1.233200e+02 3.333140e-06
1.261000e+02 2.809714e-06
1.288800e+02 2.706016e-06
1.316600e+02 2.192466e-06
1.344400e+02 1.945566e-06
1.372200e+02 1.940628e-06
