# Δη_jj, dσ/d(Δη_jj) [pb]
0.000000000000000000e+00 1.303538184000000051e-02
1.000000000000000056e-01 1.321636200300000015e-02
2.000000000000000111e-01 1.366771009500000050e-02
3.000000000000000444e-01 1.454094439200000026e-02
4.000000000000000222e-01 1.550376687599999866e-02
5.000000000000000000e-01 1.432509097499999953e-02
6.000000000000000888e-01 1.268043624899999923e-02
7.000000000000000666e-01 1.086361988399999964e-02
8.000000000000000444e-01 9.537834969000000274e-03
9.000000000000000222e-01 8.451553149000000376e-03
1.000000000000000000e+00 7.623814419000000085e-03
1.100000000000000089e+00 7.034576679000000173e-03
1.200000000000000178e+00 6.467385248999999413e-03
1.300000000000000044e+00 5.991585794999999652e-03
1.400000000000000133e+00 5.587937900999999721e-03
1.500000000000000000e+00 5.122560338999999907e-03
1.600000000000000089e+00 4.661191196999999939e-03
1.700000000000000178e+00 4.295623292999999412e-03
1.800000000000000044e+00 3.923241074999999321e-03
1.900000000000000133e+00 3.504160764000000070e-03
2.000000000000000000e+00 3.187094741999999762e-03
2.100000000000000089e+00 2.836157571000000061e-03
2.200000000000000178e+00 2.497446081000000064e-03
2.300000000000000266e+00 2.179578374999999960e-03
2.400000000000000355e+00 1.825033625999999878e-03
2.500000000000000000e+00 1.594549475999999842e-03
2.600000000000000089e+00 1.307747024999999846e-03
2.700000000000000178e+00 1.090089819000000012e-03
2.800000000000000266e+00 8.986877639999998847e-04
2.900000000000000355e+00 7.345429649999999679e-04
3.000000000000000000e+00 5.555670120000000354e-04
3.100000000000000089e+00 4.649767200000000248e-04
3.200000000000000178e+00 3.401144370000000190e-04
3.300000000000000266e+00 2.693658239999999942e-04
3.400000000000000355e+00 1.946087909999999878e-04
3.500000000000000000e+00 1.513178549999999868e-04
3.600000000000000089e+00 8.938776600000000532e-05
3.700000000000000178e+00 6.774229799999999127e-05
3.800000000000000266e+00 4.770019799999999558e-05
3.900000000000000355e+00 2.825936099999999915e-05
4.000000000000000000e+00 1.262652299999999973e-05
4.100000000000000533e+00 6.012629999999999386e-06
4.200000000000000178e+00 2.605472999999999762e-06
4.299999999999999822e+00 1.803789000000000112e-06
4.400000000000000355e+00 1.002105000000000039e-06
4.500000000000000000e+00 6.012629999999998962e-07
4.600000000000000533e+00 2.004209999999999919e-07
4.700000000000000178e+00 4.008419999999999837e-07
4.800000000000000711e+00 0.000000000000000000e+00
4.900000000000000355e+00 0.000000000000000000e+00
