FM1 Value (e-12)	Cross-section (pb) ± Uncertainty
-2000.0e-12	0.0119600
-1500.0e-12 0.01069
-1000.0e-12	0.0099466
-800.0e-12	0.0097815
-600.0e-12	0.0096949
-400.0e-12	0.009689
-200.0e-12	0.0097808
-100.0e-12	0.009849799999999999
-80.0e-12	0.009861100000000001
-60.0e-12	0.0098754
-40.0e-12	0.0099028
-20.0e-12	0.0099008
-10.0e-12	0.009919899999999999
0.0         0.0099411
10.0e-12	0.009950899999999999
20.0e-12	0.0099538
40.0e-12	0.0099817
60.0e-12	0.0099944
80.0e-12	0.0100319
100.0e-12	0.010036799999999999
200.0e-12	0.010182
400.0e-12	0.0105052
600.0e-12	0.010924199999999998
800.0e-12	0.011391100000000001
1000.0e-12	0.0119665
1500.0e-12  0.01373
2000.0e-12	0.0159600
