FM0 Value (e-12)	Cross-section (pb) ± Uncertainty
-1000.0e-12 0.0247314
-800.0e-12  0.0196638
-600.0e-12  0.0156082
-400.0e-12  0.0126331
-200.0e-12  0.0107527
-100.0e-12  0.010228600000000001
-80.0e-12   0.0101295
-60.0e-12   0.010069000000000002
-40.0e-12   0.009999500000000001
-20.0e-12   0.009966599999999999
-10.0e-12   0.0099677
0.0	        0.009943
10.0e-12    0.0099177
20.0e-12    0.009924200000000001
40.0e-12    0.009898500000000001
60.0e-12    0.0099085
80.0e-12    0.00991
100.0e-12   0.0099393
200.0e-12   0.0102022
400.0e-12   0.0115051
600.0e-12   0.0139054
800.0e-12   0.0173929
1000.0e-12  0.0219354
